# Wavelength(μm)  CH4_only    Sorg_1x     Sorg_10x      Sorg_20x      Sorg_50x
4.2876E-01    2.8990E-03    2.8973E-03    2.9008E-03    2.9015E-03    2.8731E-03
4.3048E-01    2.8988E-03    2.8970E-03    2.9005E-03    2.9012E-03    2.8729E-03
4.3220E-01    2.8985E-03    2.8967E-03    2.9002E-03    2.9010E-03    2.8728E-03
4.3393E-01    2.8982E-03    2.8965E-03    2.9000E-03    2.9007E-03    2.8726E-03
4.3566E-01    2.8980E-03    2.8962E-03    2.8997E-03    2.9004E-03    2.8725E-03
4.3740E-01    2.8977E-03    2.8960E-03    2.8994E-03    2.9002E-03    2.8723E-03
4.3915E-01    2.8975E-03    2.8958E-03    2.8992E-03    2.8999E-03    2.8722E-03
4.4091E-01    2.8976E-03    2.8959E-03    2.8993E-03    2.9000E-03    2.8723E-03
4.4267E-01    2.8980E-03    2.8962E-03    2.8996E-03    2.9003E-03    2.8725E-03
4.4444E-01    2.8972E-03    2.8955E-03    2.8989E-03    2.8996E-03    2.8721E-03
4.4622E-01    2.8969E-03    2.8952E-03    2.8985E-03    2.8992E-03    2.8719E-03
4.4800E-01    2.8964E-03    2.8947E-03    2.8981E-03    2.8988E-03    2.8716E-03
4.4979E-01    2.8961E-03    2.8944E-03    2.8978E-03    2.8985E-03    2.8715E-03
4.5159E-01    2.8957E-03    2.8940E-03    2.8973E-03    2.8980E-03    2.8712E-03
4.5340E-01    2.8954E-03    2.8938E-03    2.8971E-03    2.8978E-03    2.8711E-03
4.5521E-01    2.8951E-03    2.8935E-03    2.8968E-03    2.8975E-03    2.8709E-03
4.5703E-01    2.8949E-03    2.8932E-03    2.8965E-03    2.8972E-03    2.8707E-03
4.5886E-01    2.8946E-03    2.8930E-03    2.8963E-03    2.8970E-03    2.8706E-03
4.6069E-01    2.8943E-03    2.8927E-03    2.8960E-03    2.8967E-03    2.8705E-03
4.6254E-01    2.8941E-03    2.8925E-03    2.8957E-03    2.8964E-03    2.8703E-03
4.6439E-01    2.8938E-03    2.8922E-03    2.8955E-03    2.8962E-03    2.8702E-03
4.6624E-01    2.8937E-03    2.8921E-03    2.8953E-03    2.8960E-03    2.8701E-03
4.6811E-01    2.8937E-03    2.8921E-03    2.8953E-03    2.8960E-03    2.8701E-03
4.6998E-01    2.8941E-03    2.8925E-03    2.8957E-03    2.8963E-03    2.8704E-03
4.7186E-01    2.8934E-03    2.8918E-03    2.8950E-03    2.8957E-03    2.8700E-03
4.7375E-01    2.8930E-03    2.8914E-03    2.8945E-03    2.8952E-03    2.8697E-03
4.7564E-01    2.8926E-03    2.8910E-03    2.8941E-03    2.8948E-03    2.8695E-03
4.7754E-01    2.8923E-03    2.8907E-03    2.8938E-03    2.8945E-03    2.8693E-03
4.7945E-01    2.8918E-03    2.8902E-03    2.8933E-03    2.8940E-03    2.8690E-03
4.8137E-01    2.8915E-03    2.8900E-03    2.8931E-03    2.8938E-03    2.8689E-03
4.8329E-01    2.8913E-03    2.8898E-03    2.8929E-03    2.8936E-03    2.8688E-03
4.8523E-01    2.8918E-03    2.8903E-03    2.8933E-03    2.8940E-03    2.8691E-03
4.8717E-01    2.8913E-03    2.8898E-03    2.8928E-03    2.8935E-03    2.8688E-03
4.8911E-01    2.8910E-03    2.8895E-03    2.8926E-03    2.8932E-03    2.8686E-03
4.9107E-01    2.8908E-03    2.8893E-03    2.8923E-03    2.8930E-03    2.8685E-03
4.9303E-01    2.8900E-03    2.8885E-03    2.8915E-03    2.8922E-03    2.8680E-03
4.9500E-01    2.8897E-03    2.8883E-03    2.8913E-03    2.8920E-03    2.8679E-03
4.9698E-01    2.8895E-03    2.8880E-03    2.8910E-03    2.8917E-03    2.8677E-03
4.9897E-01    2.8895E-03    2.8881E-03    2.8910E-03    2.8917E-03    2.8678E-03
5.0097E-01    2.8899E-03    2.8885E-03    2.8914E-03    2.8921E-03    2.8680E-03
5.0297E-01    2.8909E-03    2.8894E-03    2.8924E-03    2.8930E-03    2.8687E-03
5.0498E-01    2.8924E-03    2.8908E-03    2.8939E-03    2.8944E-03    2.8696E-03
5.0700E-01    2.8931E-03    2.8915E-03    2.8945E-03    2.8950E-03    2.8700E-03
5.0903E-01    2.8901E-03    2.8886E-03    2.8916E-03    2.8922E-03    2.8682E-03
5.1106E-01    2.8895E-03    2.8880E-03    2.8909E-03    2.8915E-03    2.8678E-03
5.1311E-01    2.8882E-03    2.8868E-03    2.8897E-03    2.8904E-03    2.8671E-03
5.1516E-01    2.8871E-03    2.8857E-03    2.8886E-03    2.8893E-03    2.8664E-03
5.1722E-01    2.8868E-03    2.8855E-03    2.8883E-03    2.8890E-03    2.8663E-03
5.1929E-01    2.8866E-03    2.8852E-03    2.8880E-03    2.8887E-03    2.8661E-03
5.2136E-01    2.8863E-03    2.8849E-03    2.8877E-03    2.8884E-03    2.8659E-03
5.2345E-01    2.8862E-03    2.8849E-03    2.8876E-03    2.8883E-03    2.8659E-03
5.2554E-01    2.8861E-03    2.8848E-03    2.8876E-03    2.8883E-03    2.8659E-03
5.2764E-01    2.8857E-03    2.8844E-03    2.8872E-03    2.8879E-03    2.8656E-03
5.2975E-01    2.8855E-03    2.8842E-03    2.8870E-03    2.8877E-03    2.8655E-03
5.3187E-01    2.8851E-03    2.8838E-03    2.8866E-03    2.8873E-03    2.8653E-03
5.3400E-01    2.8848E-03    2.8836E-03    2.8863E-03    2.8870E-03    2.8651E-03
5.3613E-01    2.8851E-03    2.8838E-03    2.8865E-03    2.8872E-03    2.8653E-03
5.3828E-01    2.8856E-03    2.8843E-03    2.8870E-03    2.8877E-03    2.8656E-03
5.4043E-01    2.8867E-03    2.8853E-03    2.8881E-03    2.8887E-03    2.8663E-03
5.4259E-01    2.8871E-03    2.8857E-03    2.8885E-03    2.8890E-03    2.8665E-03
5.4476E-01    2.8864E-03    2.8850E-03    2.8877E-03    2.8883E-03    2.8661E-03
5.4694E-01    2.8859E-03    2.8845E-03    2.8872E-03    2.8878E-03    2.8658E-03
5.4912E-01    2.8850E-03    2.8837E-03    2.8864E-03    2.8870E-03    2.8653E-03
5.5132E-01    2.8836E-03    2.8824E-03    2.8850E-03    2.8856E-03    2.8645E-03
5.5353E-01    2.8827E-03    2.8815E-03    2.8840E-03    2.8847E-03    2.8639E-03
5.5574E-01    2.8822E-03    2.8810E-03    2.8835E-03    2.8842E-03    2.8636E-03
5.5796E-01    2.8819E-03    2.8807E-03    2.8832E-03    2.8839E-03    2.8634E-03
5.6019E-01    2.8822E-03    2.8810E-03    2.8835E-03    2.8842E-03    2.8636E-03
5.6243E-01    2.8821E-03    2.8809E-03    2.8834E-03    2.8841E-03    2.8636E-03
5.6468E-01    2.8818E-03    2.8806E-03    2.8831E-03    2.8837E-03    2.8634E-03
5.6694E-01    2.8829E-03    2.8816E-03    2.8842E-03    2.8848E-03    2.8641E-03
5.6921E-01    2.8869E-03    2.8854E-03    2.8881E-03    2.8886E-03    2.8665E-03
5.7148E-01    2.8836E-03    2.8823E-03    2.8849E-03    2.8855E-03    2.8645E-03
5.7377E-01    2.8837E-03    2.8824E-03    2.8850E-03    2.8855E-03    2.8646E-03
5.7606E-01    2.8835E-03    2.8822E-03    2.8848E-03    2.8853E-03    2.8645E-03
5.7836E-01    2.8834E-03    2.8822E-03    2.8847E-03    2.8852E-03    2.8644E-03
5.8068E-01    2.8824E-03    2.8812E-03    2.8837E-03    2.8843E-03    2.8639E-03
5.8300E-01    2.8828E-03    2.8815E-03    2.8840E-03    2.8845E-03    2.8641E-03
5.8533E-01    2.8817E-03    2.8805E-03    2.8830E-03    2.8835E-03    2.8635E-03
5.8767E-01    2.8876E-03    2.8861E-03    2.8888E-03    2.8892E-03    2.8671E-03
5.9002E-01    2.8924E-03    2.8907E-03    2.8937E-03    2.8939E-03    2.8699E-03
5.9238E-01    2.8901E-03    2.8885E-03    2.8913E-03    2.8916E-03    2.8685E-03
5.9475E-01    2.8889E-03    2.8873E-03    2.8901E-03    2.8904E-03    2.8678E-03
5.9713E-01    2.8877E-03    2.8862E-03    2.8889E-03    2.8892E-03    2.8671E-03
5.9952E-01    2.8855E-03    2.8841E-03    2.8867E-03    2.8871E-03    2.8658E-03
6.0191E-01    2.8824E-03    2.8812E-03    2.8836E-03    2.8841E-03    2.8639E-03
6.0432E-01    2.8794E-03    2.8783E-03    2.8806E-03    2.8812E-03    2.8621E-03
6.0674E-01    2.8777E-03    2.8766E-03    2.8789E-03    2.8795E-03    2.8611E-03
6.0916E-01    2.8763E-03    2.8753E-03    2.8776E-03    2.8782E-03    2.8603E-03
6.1160E-01    2.8759E-03    2.8749E-03    2.8771E-03    2.8778E-03    2.8600E-03
6.1404E-01    2.8756E-03    2.8746E-03    2.8768E-03    2.8775E-03    2.8599E-03
6.1650E-01    2.8753E-03    2.8743E-03    2.8765E-03    2.8772E-03    2.8597E-03
6.1896E-01    2.8751E-03    2.8741E-03    2.8763E-03    2.8770E-03    2.8596E-03
6.2144E-01    2.8755E-03    2.8745E-03    2.8766E-03    2.8773E-03    2.8598E-03
6.2392E-01    2.8753E-03    2.8743E-03    2.8765E-03    2.8772E-03    2.8597E-03
6.2642E-01    2.8777E-03    2.8766E-03    2.8789E-03    2.8794E-03    2.8612E-03
6.2892E-01    2.8783E-03    2.8771E-03    2.8794E-03    2.8799E-03    2.8615E-03
6.3144E-01    2.8767E-03    2.8757E-03    2.8779E-03    2.8784E-03    2.8606E-03
6.3396E-01    2.8787E-03    2.8776E-03    2.8799E-03    2.8803E-03    2.8618E-03
6.3650E-01    2.8783E-03    2.8772E-03    2.8794E-03    2.8799E-03    2.8615E-03
6.3904E-01    2.8796E-03    2.8785E-03    2.8808E-03    2.8812E-03    2.8624E-03
6.4160E-01    2.8786E-03    2.8775E-03    2.8798E-03    2.8802E-03    2.8617E-03
6.4416E-01    2.8801E-03    2.8789E-03    2.8812E-03    2.8816E-03    2.8626E-03
6.4674E-01    2.8839E-03    2.8826E-03    2.8850E-03    2.8853E-03    2.8650E-03
6.4933E-01    2.8870E-03    2.8855E-03    2.8881E-03    2.8883E-03    2.8668E-03
6.5192E-01    2.8844E-03    2.8830E-03    2.8855E-03    2.8858E-03    2.8652E-03
6.5453E-01    2.8841E-03    2.8827E-03    2.8852E-03    2.8855E-03    2.8651E-03
6.5715E-01    2.8813E-03    2.8800E-03    2.8824E-03    2.8827E-03    2.8634E-03
6.5977E-01    2.8788E-03    2.8776E-03    2.8799E-03    2.8802E-03    2.8619E-03
6.6241E-01    2.8752E-03    2.8742E-03    2.8763E-03    2.8768E-03    2.8598E-03
6.6506E-01    2.8741E-03    2.8731E-03    2.8752E-03    2.8757E-03    2.8590E-03
6.6772E-01    2.8722E-03    2.8713E-03    2.8733E-03    2.8739E-03    2.8580E-03
6.7039E-01    2.8707E-03    2.8699E-03    2.8718E-03    2.8724E-03    2.8571E-03
6.7307E-01    2.8704E-03    2.8695E-03    2.8714E-03    2.8721E-03    2.8569E-03
6.7576E-01    2.8703E-03    2.8695E-03    2.8714E-03    2.8720E-03    2.8569E-03
6.7847E-01    2.8709E-03    2.8701E-03    2.8720E-03    2.8726E-03    2.8572E-03
6.8118E-01    2.8733E-03    2.8724E-03    2.8744E-03    2.8749E-03    2.8586E-03
6.8390E-01    2.8754E-03    2.8743E-03    2.8764E-03    2.8769E-03    2.8599E-03
6.8664E-01    2.8746E-03    2.8736E-03    2.8756E-03    2.8761E-03    2.8594E-03
6.8938E-01    2.8725E-03    2.8716E-03    2.8735E-03    2.8740E-03    2.8582E-03
6.9214E-01    2.8823E-03    2.8809E-03    2.8833E-03    2.8835E-03    2.8641E-03
6.9491E-01    2.8886E-03    2.8871E-03    2.8897E-03    2.8898E-03    2.8679E-03
6.9769E-01    2.8826E-03    2.8812E-03    2.8836E-03    2.8838E-03    2.8642E-03
7.0047E-01    2.8864E-03    2.8849E-03    2.8875E-03    2.8876E-03    2.8665E-03
7.0328E-01    2.8849E-03    2.8835E-03    2.8860E-03    2.8861E-03    2.8657E-03
7.0609E-01    2.8870E-03    2.8855E-03    2.8881E-03    2.8882E-03    2.8669E-03
7.0891E-01    2.8805E-03    2.8792E-03    2.8815E-03    2.8817E-03    2.8631E-03
7.1175E-01    2.8807E-03    2.8794E-03    2.8817E-03    2.8819E-03    2.8632E-03
7.1459E-01    2.8847E-03    2.8833E-03    2.8858E-03    2.8859E-03    2.8656E-03
7.1745E-01    2.8944E-03    2.8926E-03    2.8956E-03    2.8956E-03    2.8714E-03
7.2032E-01    2.8971E-03    2.8952E-03    2.8984E-03    2.8984E-03    2.8728E-03
7.2320E-01    2.8932E-03    2.8915E-03    2.8944E-03    2.8944E-03    2.8707E-03
7.2609E-01    2.8962E-03    2.8944E-03    2.8974E-03    2.8974E-03    2.8723E-03
7.2899E-01    2.8981E-03    2.8962E-03    2.8994E-03    2.8994E-03    2.8734E-03
7.3191E-01    2.8904E-03    2.8888E-03    2.8915E-03    2.8915E-03    2.8691E-03
7.3484E-01    2.8860E-03    2.8845E-03    2.8870E-03    2.8871E-03    2.8664E-03
7.3777E-01    2.8863E-03    2.8848E-03    2.8874E-03    2.8874E-03    2.8666E-03
7.4072E-01    2.8808E-03    2.8795E-03    2.8818E-03    2.8820E-03    2.8632E-03
7.4369E-01    2.8747E-03    2.8736E-03    2.8756E-03    2.8759E-03    2.8596E-03
7.4666E-01    2.8735E-03    2.8725E-03    2.8756E-03    2.8770E-03    2.8609E-03
7.4965E-01    2.8698E-03    2.8690E-03    2.8727E-03    2.8750E-03    2.8601E-03
7.5264E-01    2.8683E-03    2.8677E-03    2.8720E-03    2.8749E-03    2.8604E-03
7.5565E-01    2.8662E-03    2.8657E-03    2.8706E-03    2.8743E-03    2.8603E-03
7.5867E-01    2.8677E-03    2.8672E-03    2.8729E-03    2.8770E-03    2.8621E-03
7.6171E-01    2.8662E-03    2.8659E-03    2.8732E-03    2.8784E-03    2.8634E-03
7.6475E-01    2.8672E-03    2.8671E-03    2.8765E-03    2.8829E-03    2.8663E-03
7.6781E-01    2.8678E-03    2.8678E-03    2.8782E-03    2.8850E-03    2.8677E-03
7.7088E-01    2.8692E-03    2.8693E-03    2.8821E-03    2.8899E-03    2.8707E-03
7.7396E-01    2.8720E-03    2.8723E-03    2.8865E-03    2.8946E-03    2.8733E-03
7.7706E-01    2.8749E-03    2.8753E-03    2.8912E-03    2.9000E-03    2.8763E-03
7.8017E-01    2.8787E-03    2.8792E-03    2.8967E-03    2.9057E-03    2.8793E-03
7.8329E-01    2.8821E-03    2.8823E-03    2.8985E-03    2.9069E-03    2.8799E-03
7.8642E-01    2.8843E-03    2.8843E-03    2.8995E-03    2.9076E-03    2.8802E-03
7.8956E-01    2.8863E-03    2.8860E-03    2.9002E-03    2.9081E-03    2.8805E-03
7.9272E-01    2.8873E-03    2.8870E-03    2.9015E-03    2.9092E-03    2.8809E-03
7.9589E-01    2.8876E-03    2.8871E-03    2.9011E-03    2.9089E-03    2.8809E-03
7.9907E-01    2.8887E-03    2.8881E-03    2.9013E-03    2.9087E-03    2.8806E-03
8.0227E-01    2.8879E-03    2.8870E-03    2.8977E-03    2.9040E-03    2.8781E-03
8.0548E-01    2.8832E-03    2.8825E-03    2.8924E-03    2.8984E-03    2.8750E-03
8.0870E-01    2.8887E-03    2.8875E-03    2.8949E-03    2.8991E-03    2.8748E-03
8.1193E-01    2.8894E-03    2.8881E-03    2.8946E-03    2.8981E-03    2.8740E-03
8.1518E-01    2.8934E-03    2.8918E-03    2.8959E-03    2.8972E-03    2.8730E-03
8.1844E-01    2.8927E-03    2.8911E-03    2.8947E-03    2.8957E-03    2.8720E-03
8.2171E-01    2.8924E-03    2.8907E-03    2.8943E-03    2.8951E-03    2.8715E-03
8.2500E-01    2.8893E-03    2.8877E-03    2.8908E-03    2.8913E-03    2.8692E-03
8.2829E-01    2.8898E-03    2.8883E-03    2.8913E-03    2.8917E-03    2.8695E-03
8.3161E-01    2.8888E-03    2.8873E-03    2.8908E-03    2.8917E-03    2.8697E-03
8.3493E-01    2.8865E-03    2.8853E-03    2.8926E-03    2.8966E-03    2.8734E-03
8.3827E-01    2.8884E-03    2.8876E-03    2.8990E-03    2.9049E-03    2.8783E-03
8.4162E-01    2.8863E-03    2.8857E-03    2.8973E-03    2.9038E-03    2.8778E-03
8.4499E-01    2.8817E-03    2.8814E-03    2.8948E-03    2.9024E-03    2.8774E-03
8.4837E-01    2.8785E-03    2.8783E-03    2.8908E-03    2.8979E-03    2.8749E-03
8.5176E-01    2.8841E-03    2.8839E-03    2.8984E-03    2.9059E-03    2.8792E-03
8.5516E-01    2.8864E-03    2.8866E-03    2.9040E-03    2.9124E-03    2.8827E-03
8.5858E-01    2.8964E-03    2.8968E-03    2.9169E-03    2.9254E-03    2.8894E-03
8.6202E-01    2.8991E-03    2.8994E-03    2.9201E-03    2.9287E-03    2.8911E-03
8.6546E-01    2.8983E-03    2.8987E-03    2.9192E-03    2.9277E-03    2.8905E-03
8.6892E-01    2.8960E-03    2.8965E-03    2.9177E-03    2.9265E-03    2.8900E-03
8.7240E-01    2.8949E-03    2.8952E-03    2.9149E-03    2.9233E-03    2.8883E-03
8.7589E-01    2.8988E-03    2.8990E-03    2.9188E-03    2.9271E-03    2.8903E-03
8.7939E-01    2.9117E-03    2.9115E-03    2.9317E-03    2.9397E-03    2.8966E-03
8.8291E-01    2.9201E-03    2.9196E-03    2.9404E-03    2.9484E-03    2.9010E-03
8.8644E-01    2.9231E-03    2.9224E-03    2.9435E-03    2.9515E-03    2.9027E-03
8.8998E-01    2.9238E-03    2.9231E-03    2.9443E-03    2.9523E-03    2.9030E-03
8.9354E-01    2.9192E-03    2.9187E-03    2.9398E-03    2.9479E-03    2.9008E-03
8.9711E-01    2.9212E-03    2.9204E-03    2.9409E-03    2.9488E-03    2.9013E-03
9.0070E-01    2.9220E-03    2.9211E-03    2.9413E-03    2.9493E-03    2.9015E-03
9.0430E-01    2.9103E-03    2.9097E-03    2.9288E-03    2.9368E-03    2.8951E-03
9.0792E-01    2.9090E-03    2.9081E-03    2.9247E-03    2.9321E-03    2.8926E-03
9.1155E-01    2.9031E-03    2.9020E-03    2.9156E-03    2.9222E-03    2.8875E-03
9.1519E-01    2.9018E-03    2.9004E-03    2.9114E-03    2.9171E-03    2.8847E-03
9.1885E-01    2.8950E-03    2.8938E-03    2.9031E-03    2.9081E-03    2.8800E-03
9.2253E-01    2.8965E-03    2.8952E-03    2.9048E-03    2.9101E-03    2.8809E-03
9.2622E-01    2.8959E-03    2.8943E-03    2.9002E-03    2.9029E-03    2.8765E-03
9.2992E-01    2.8997E-03    2.8979E-03    2.9020E-03    2.9030E-03    2.8762E-03
9.3364E-01    2.9075E-03    2.9054E-03    2.9099E-03    2.9104E-03    2.8797E-03
9.3737E-01    2.9036E-03    2.9015E-03    2.9051E-03    2.9052E-03    2.8771E-03
9.4112E-01    2.9006E-03    2.8987E-03    2.9024E-03    2.9029E-03    2.8759E-03
9.4488E-01    2.9028E-03    2.9008E-03    2.9051E-03    2.9060E-03    2.8777E-03
9.4866E-01    2.9038E-03    2.9018E-03    2.9064E-03    2.9075E-03    2.8785E-03
9.5245E-01    2.9019E-03    2.9002E-03    2.9071E-03    2.9098E-03    2.8801E-03
9.5626E-01    2.9018E-03    2.9000E-03    2.9065E-03    2.9093E-03    2.8800E-03
9.6009E-01    2.9046E-03    2.9028E-03    2.9105E-03    2.9139E-03    2.8826E-03
9.6393E-01    2.9042E-03    2.9029E-03    2.9147E-03    2.9203E-03    2.8863E-03
9.6778E-01    2.9005E-03    2.8995E-03    2.9125E-03    2.9190E-03    2.8859E-03
9.7165E-01    2.9058E-03    2.9051E-03    2.9212E-03    2.9284E-03    2.8907E-03
9.7554E-01    2.9081E-03    2.9073E-03    2.9240E-03    2.9314E-03    2.8923E-03
9.7944E-01    2.9089E-03    2.9084E-03    2.9271E-03    2.9350E-03    2.8942E-03
9.8335E-01    2.9083E-03    2.9077E-03    2.9258E-03    2.9333E-03    2.8933E-03
9.8729E-01    2.9104E-03    2.9099E-03    2.9290E-03    2.9368E-03    2.8951E-03
9.9123E-01    2.9102E-03    2.9099E-03    2.9295E-03    2.9374E-03    2.8954E-03
9.9520E-01    2.9124E-03    2.9122E-03    2.9326E-03    2.9406E-03    2.8971E-03
9.9918E-01    2.9160E-03    2.9156E-03    2.9362E-03    2.9442E-03    2.8989E-03
1.0032E+00    2.9130E-03    2.9127E-03    2.9329E-03    2.9408E-03    2.8971E-03
1.0072E+00    2.9100E-03    2.9098E-03    2.9298E-03    2.9376E-03    2.8955E-03
1.0112E+00    2.9097E-03    2.9095E-03    2.9293E-03    2.9371E-03    2.8952E-03
1.0153E+00    2.9091E-03    2.9089E-03    2.9291E-03    2.9371E-03    2.8952E-03
1.0193E+00    2.9012E-03    2.9013E-03    2.9208E-03    2.9287E-03    2.8910E-03
1.0234E+00    2.9032E-03    2.9033E-03    2.9236E-03    2.9319E-03    2.8927E-03
1.0275E+00    2.8957E-03    2.8960E-03    2.9153E-03    2.9234E-03    2.8883E-03
1.0316E+00    2.8918E-03    2.8923E-03    2.9119E-03    2.9202E-03    2.8867E-03
1.0357E+00    2.8824E-03    2.8829E-03    2.9002E-03    2.9081E-03    2.8805E-03
1.0399E+00    2.8773E-03    2.8780E-03    2.8952E-03    2.9034E-03    2.8781E-03
1.0440E+00    2.8702E-03    2.8708E-03    2.8861E-03    2.8940E-03    2.8731E-03
1.0482E+00    2.8669E-03    2.8676E-03    2.8823E-03    2.8900E-03    2.8709E-03
1.0524E+00    2.8663E-03    2.8668E-03    2.8808E-03    2.8885E-03    2.8700E-03
1.0566E+00    2.8618E-03    2.8621E-03    2.8736E-03    2.8806E-03    2.8655E-03
1.0608E+00    2.8625E-03    2.8624E-03    2.8705E-03    2.8759E-03    2.8624E-03
1.0651E+00    2.8638E-03    2.8634E-03    2.8700E-03    2.8746E-03    2.8614E-03
1.0693E+00    2.8692E-03    2.8684E-03    2.8730E-03    2.8758E-03    2.8614E-03
1.0736E+00    2.8688E-03    2.8680E-03    2.8713E-03    2.8732E-03    2.8595E-03
1.0779E+00    2.8699E-03    2.8690E-03    2.8722E-03    2.8739E-03    2.8599E-03
1.0822E+00    2.8776E-03    2.8765E-03    2.8800E-03    2.8816E-03    2.8643E-03
1.0865E+00    2.8809E-03    2.8799E-03    2.8862E-03    2.8894E-03    2.8694E-03
1.0909E+00    2.8896E-03    2.8886E-03    2.8976E-03    2.9018E-03    2.8763E-03
1.0952E+00    2.8916E-03    2.8905E-03    2.8988E-03    2.9027E-03    2.8767E-03
1.0996E+00    2.8941E-03    2.8927E-03    2.8985E-03    2.9008E-03    2.8753E-03
1.1040E+00    2.8979E-03    2.8964E-03    2.9038E-03    2.9071E-03    2.8789E-03
1.1084E+00    2.9052E-03    2.9041E-03    2.9169E-03    2.9226E-03    2.8875E-03
1.1129E+00    2.9108E-03    2.9095E-03    2.9229E-03    2.9285E-03    2.8905E-03
1.1173E+00    2.9195E-03    2.9180E-03    2.9331E-03    2.9393E-03    2.8963E-03
1.1218E+00    2.9293E-03    2.9277E-03    2.9459E-03    2.9530E-03    2.9036E-03
1.1263E+00    2.9334E-03    2.9319E-03    2.9515E-03    2.9589E-03    2.9066E-03
1.1308E+00    2.9307E-03    2.9290E-03    2.9472E-03    2.9541E-03    2.9042E-03
1.1353E+00    2.9386E-03    2.9369E-03    2.9573E-03    2.9649E-03    2.9100E-03
1.1398E+00    2.9264E-03    2.9252E-03    2.9441E-03    2.9513E-03    2.9024E-03
1.1444E+00    2.9318E-03    2.9304E-03    2.9507E-03    2.9584E-03    2.9062E-03
1.1490E+00    2.9399E-03    2.9383E-03    2.9599E-03    2.9680E-03    2.9114E-03
1.1535E+00    2.9451E-03    2.9434E-03    2.9652E-03    2.9732E-03    2.9143E-03
1.1582E+00    2.9394E-03    2.9378E-03    2.9583E-03    2.9659E-03    2.9103E-03
1.1628E+00    2.9504E-03    2.9484E-03    2.9704E-03    2.9780E-03    2.9172E-03
1.1674E+00    2.9428E-03    2.9411E-03    2.9627E-03    2.9705E-03    2.9128E-03
1.1721E+00    2.9397E-03    2.9381E-03    2.9593E-03    2.9671E-03    2.9110E-03
1.1768E+00    2.9336E-03    2.9323E-03    2.9530E-03    2.9609E-03    2.9076E-03
1.1815E+00    2.9265E-03    2.9254E-03    2.9453E-03    2.9531E-03    2.9035E-03
1.1862E+00    2.9250E-03    2.9239E-03    2.9433E-03    2.9508E-03    2.9023E-03
1.1910E+00    2.9265E-03    2.9255E-03    2.9456E-03    2.9534E-03    2.9037E-03
1.1957E+00    2.9225E-03    2.9216E-03    2.9410E-03    2.9484E-03    2.9011E-03
1.2005E+00    2.9178E-03    2.9170E-03    2.9356E-03    2.9428E-03    2.8981E-03
1.2053E+00    2.9158E-03    2.9146E-03    2.9305E-03    2.9370E-03    2.8949E-03
1.2101E+00    2.9083E-03    2.9075E-03    2.9235E-03    2.9302E-03    2.8915E-03
1.2150E+00    2.9034E-03    2.9026E-03    2.9176E-03    2.9241E-03    2.8884E-03
1.2198E+00    2.8987E-03    2.8977E-03    2.9100E-03    2.9158E-03    2.8839E-03
1.2247E+00    2.8953E-03    2.8947E-03    2.9085E-03    2.9151E-03    2.8838E-03
1.2296E+00    2.8954E-03    2.8949E-03    2.9099E-03    2.9167E-03    2.8847E-03
1.2345E+00    2.8910E-03    2.8908E-03    2.9057E-03    2.9123E-03    2.8824E-03
1.2395E+00    2.8860E-03    2.8860E-03    2.9017E-03    2.9092E-03    2.8809E-03
1.2444E+00    2.8796E-03    2.8799E-03    2.8948E-03    2.9017E-03    2.8769E-03
1.2494E+00    2.8714E-03    2.8716E-03    2.8844E-03    2.8910E-03    2.8712E-03
1.2544E+00    2.8693E-03    2.8693E-03    2.8801E-03    2.8860E-03    2.8683E-03
1.2594E+00    2.8662E-03    2.8662E-03    2.8767E-03    2.8825E-03    2.8663E-03
1.2644E+00    2.8664E-03    2.8662E-03    2.8747E-03    2.8796E-03    2.8644E-03
1.2695E+00    2.8660E-03    2.8657E-03    2.8734E-03    2.8779E-03    2.8633E-03
1.2746E+00    2.8664E-03    2.8660E-03    2.8726E-03    2.8766E-03    2.8624E-03
1.2797E+00    2.8694E-03    2.8687E-03    2.8739E-03    2.8769E-03    2.8622E-03
1.2848E+00    2.8719E-03    2.8712E-03    2.8771E-03    2.8804E-03    2.8643E-03
1.2899E+00    2.8777E-03    2.8768E-03    2.8823E-03    2.8850E-03    2.8668E-03
1.2951E+00    2.8850E-03    2.8839E-03    2.8896E-03    2.8920E-03    2.8707E-03
1.3003E+00    2.8896E-03    2.8889E-03    2.8992E-03    2.9041E-03    2.8778E-03
1.3055E+00    2.8981E-03    2.8973E-03    2.9097E-03    2.9151E-03    2.8836E-03
1.3107E+00    2.9023E-03    2.9012E-03    2.9131E-03    2.9182E-03    2.8853E-03
