# Wavelength(μm)  CH4_only    Sorg_1x     Sorg_10x      Sorg_20x      Sorg_50x
3.0058E-01    2.9216E-03    2.9190E-03    2.9239E-03    2.9246E-03    2.8851E-03
3.0179E-01    2.9214E-03    2.9187E-03    2.9237E-03    2.9244E-03    2.8850E-03
3.0299E-01    2.9211E-03    2.9185E-03    2.9234E-03    2.9241E-03    2.8849E-03
3.0421E-01    2.9209E-03    2.9183E-03    2.9232E-03    2.9239E-03    2.8848E-03
3.0542E-01    2.9206E-03    2.9180E-03    2.9229E-03    2.9236E-03    2.8846E-03
3.0664E-01    2.9204E-03    2.9178E-03    2.9227E-03    2.9234E-03    2.8845E-03
3.0787E-01    2.9201E-03    2.9176E-03    2.9224E-03    2.9231E-03    2.8844E-03
3.0910E-01    2.9199E-03    2.9173E-03    2.9222E-03    2.9229E-03    2.8842E-03
3.1034E-01    2.9197E-03    2.9171E-03    2.9219E-03    2.9226E-03    2.8841E-03
3.1158E-01    2.9194E-03    2.9168E-03    2.9217E-03    2.9224E-03    2.8840E-03
3.1282E-01    2.9192E-03    2.9166E-03    2.9214E-03    2.9221E-03    2.8838E-03
3.1407E-01    2.9189E-03    2.9164E-03    2.9212E-03    2.9219E-03    2.8837E-03
3.1533E-01    2.9187E-03    2.9161E-03    2.9209E-03    2.9216E-03    2.8836E-03
3.1659E-01    2.9184E-03    2.9159E-03    2.9206E-03    2.9214E-03    2.8835E-03
3.1786E-01    2.9182E-03    2.9156E-03    2.9204E-03    2.9211E-03    2.8833E-03
3.1913E-01    2.9179E-03    2.9154E-03    2.9201E-03    2.9208E-03    2.8832E-03
3.2040E-01    2.9177E-03    2.9152E-03    2.9199E-03    2.9206E-03    2.8831E-03
3.2168E-01    2.9174E-03    2.9149E-03    2.9196E-03    2.9203E-03    2.8829E-03
3.2297E-01    2.9172E-03    2.9147E-03    2.9194E-03    2.9201E-03    2.8828E-03
3.2426E-01    2.9169E-03    2.9145E-03    2.9191E-03    2.9198E-03    2.8827E-03
3.2556E-01    2.9167E-03    2.9142E-03    2.9189E-03    2.9196E-03    2.8825E-03
3.2686E-01    2.9164E-03    2.9140E-03    2.9186E-03    2.9193E-03    2.8824E-03
3.2817E-01    2.9162E-03    2.9137E-03    2.9183E-03    2.9191E-03    2.8823E-03
3.2948E-01    2.9159E-03    2.9135E-03    2.9181E-03    2.9188E-03    2.8821E-03
3.3080E-01    2.9157E-03    2.9132E-03    2.9178E-03    2.9185E-03    2.8820E-03
3.3212E-01    2.9154E-03    2.9130E-03    2.9176E-03    2.9183E-03    2.8819E-03
3.3345E-01    2.9152E-03    2.9128E-03    2.9173E-03    2.9180E-03    2.8817E-03
3.3478E-01    2.9149E-03    2.9125E-03    2.9171E-03    2.9178E-03    2.8816E-03
3.3612E-01    2.9147E-03    2.9123E-03    2.9168E-03    2.9175E-03    2.8815E-03
3.3746E-01    2.9144E-03    2.9120E-03    2.9165E-03    2.9173E-03    2.8813E-03
3.3881E-01    2.9142E-03    2.9118E-03    2.9163E-03    2.9170E-03    2.8812E-03
3.4017E-01    2.9139E-03    2.9116E-03    2.9160E-03    2.9167E-03    2.8811E-03
3.4153E-01    2.9136E-03    2.9113E-03    2.9158E-03    2.9165E-03    2.8809E-03
3.4289E-01    2.9134E-03    2.9111E-03    2.9155E-03    2.9162E-03    2.8808E-03
3.4427E-01    2.9131E-03    2.9108E-03    2.9152E-03    2.9160E-03    2.8807E-03
3.4564E-01    2.9129E-03    2.9106E-03    2.9150E-03    2.9157E-03    2.8805E-03
3.4702E-01    2.9126E-03    2.9103E-03    2.9147E-03    2.9154E-03    2.8804E-03
3.4841E-01    2.9124E-03    2.9101E-03    2.9145E-03    2.9152E-03    2.8803E-03
3.4981E-01    2.9121E-03    2.9098E-03    2.9142E-03    2.9149E-03    2.8801E-03
3.5120E-01    2.9119E-03    2.9096E-03    2.9139E-03    2.9147E-03    2.8800E-03
3.5261E-01    2.9116E-03    2.9094E-03    2.9137E-03    2.9144E-03    2.8798E-03
3.5402E-01    2.9114E-03    2.9091E-03    2.9134E-03    2.9141E-03    2.8797E-03
3.5543E-01    2.9111E-03    2.9089E-03    2.9132E-03    2.9139E-03    2.8796E-03
3.5686E-01    2.9109E-03    2.9086E-03    2.9129E-03    2.9136E-03    2.8794E-03
3.5828E-01    2.9106E-03    2.9084E-03    2.9126E-03    2.9134E-03    2.8793E-03
3.5971E-01    2.9103E-03    2.9081E-03    2.9124E-03    2.9131E-03    2.8792E-03
3.6115E-01    2.9101E-03    2.9079E-03    2.9121E-03    2.9128E-03    2.8790E-03
3.6260E-01    2.9098E-03    2.9077E-03    2.9119E-03    2.9126E-03    2.8789E-03
3.6405E-01    2.9096E-03    2.9074E-03    2.9116E-03    2.9123E-03    2.8788E-03
3.6550E-01    2.9093E-03    2.9072E-03    2.9113E-03    2.9121E-03    2.8786E-03
3.6696E-01    2.9091E-03    2.9069E-03    2.9111E-03    2.9118E-03    2.8785E-03
3.6843E-01    2.9088E-03    2.9067E-03    2.9108E-03    2.9115E-03    2.8783E-03
3.6991E-01    2.9086E-03    2.9064E-03    2.9105E-03    2.9113E-03    2.8782E-03
3.7138E-01    2.9083E-03    2.9062E-03    2.9103E-03    2.9110E-03    2.8781E-03
3.7287E-01    2.9080E-03    2.9059E-03    2.9100E-03    2.9107E-03    2.8779E-03
3.7436E-01    2.9078E-03    2.9057E-03    2.9098E-03    2.9105E-03    2.8778E-03
3.7586E-01    2.9075E-03    2.9054E-03    2.9095E-03    2.9102E-03    2.8777E-03
3.7736E-01    2.9073E-03    2.9052E-03    2.9092E-03    2.9100E-03    2.8775E-03
3.7887E-01    2.9070E-03    2.9049E-03    2.9090E-03    2.9097E-03    2.8774E-03
3.8038E-01    2.9068E-03    2.9047E-03    2.9087E-03    2.9094E-03    2.8772E-03
3.8191E-01    2.9065E-03    2.9044E-03    2.9084E-03    2.9092E-03    2.8771E-03
3.8343E-01    2.9062E-03    2.9042E-03    2.9082E-03    2.9089E-03    2.8770E-03
3.8497E-01    2.9060E-03    2.9039E-03    2.9079E-03    2.9086E-03    2.8768E-03
3.8650E-01    2.9057E-03    2.9037E-03    2.9076E-03    2.9084E-03    2.8767E-03
3.8805E-01    2.9055E-03    2.9034E-03    2.9074E-03    2.9081E-03    2.8765E-03
3.8960E-01    2.9052E-03    2.9032E-03    2.9071E-03    2.9078E-03    2.8764E-03
3.9116E-01    2.9050E-03    2.9030E-03    2.9069E-03    2.9076E-03    2.8763E-03
3.9272E-01    2.9047E-03    2.9027E-03    2.9066E-03    2.9073E-03    2.8761E-03
3.9429E-01    2.9045E-03    2.9025E-03    2.9063E-03    2.9071E-03    2.8760E-03
3.9587E-01    2.9042E-03    2.9022E-03    2.9061E-03    2.9068E-03    2.8759E-03
3.9745E-01    2.9041E-03    2.9021E-03    2.9060E-03    2.9067E-03    2.8758E-03
3.9904E-01    2.9037E-03    2.9018E-03    2.9056E-03    2.9063E-03    2.8756E-03
4.0064E-01    2.9035E-03    2.9015E-03    2.9053E-03    2.9060E-03    2.8755E-03
4.0224E-01    2.9032E-03    2.9012E-03    2.9050E-03    2.9057E-03    2.8753E-03
4.0385E-01    2.9029E-03    2.9010E-03    2.9047E-03    2.9055E-03    2.8752E-03
4.0546E-01    2.9026E-03    2.9007E-03    2.9045E-03    2.9052E-03    2.8750E-03
4.0709E-01    2.9024E-03    2.9005E-03    2.9042E-03    2.9049E-03    2.8749E-03
4.0871E-01    2.9021E-03    2.9002E-03    2.9039E-03    2.9047E-03    2.8747E-03
4.1035E-01    2.9019E-03    2.9000E-03    2.9037E-03    2.9044E-03    2.8746E-03
4.1199E-01    2.9016E-03    2.8997E-03    2.9034E-03    2.9041E-03    2.8745E-03
4.1364E-01    2.9013E-03    2.8995E-03    2.9031E-03    2.9039E-03    2.8743E-03
4.1529E-01    2.9011E-03    2.8992E-03    2.9029E-03    2.9036E-03    2.8742E-03
4.1695E-01    2.9009E-03    2.8991E-03    2.9027E-03    2.9034E-03    2.8741E-03
4.1862E-01    2.9007E-03    2.8988E-03    2.9025E-03    2.9032E-03    2.8740E-03
4.2029E-01    2.9003E-03    2.8985E-03    2.9021E-03    2.9028E-03    2.8738E-03
4.2197E-01    2.9001E-03    2.8982E-03    2.9018E-03    2.9026E-03    2.8736E-03
4.2366E-01    2.8998E-03    2.8980E-03    2.9016E-03    2.9023E-03    2.8735E-03
4.2535E-01    2.8996E-03    2.8977E-03    2.9013E-03    2.9020E-03    2.8733E-03
4.2705E-01    2.8993E-03    2.8975E-03    2.9011E-03    2.9018E-03    2.8732E-03
4.2876E-01    2.8990E-03    2.8973E-03    2.9008E-03    2.9015E-03    2.8731E-03
4.3048E-01    2.8988E-03    2.8970E-03    2.9005E-03    2.9012E-03    2.8729E-03
4.3220E-01    2.8985E-03    2.8967E-03    2.9002E-03    2.9010E-03    2.8728E-03
4.3393E-01    2.8982E-03    2.8965E-03    2.9000E-03    2.9007E-03    2.8726E-03
4.3566E-01    2.8980E-03    2.8962E-03    2.8997E-03    2.9004E-03    2.8725E-03
4.3740E-01    2.8977E-03    2.8960E-03    2.8994E-03    2.9002E-03    2.8723E-03
4.3915E-01    2.8975E-03    2.8958E-03    2.8992E-03    2.8999E-03    2.8722E-03
4.4091E-01    2.8976E-03    2.8959E-03    2.8993E-03    2.9000E-03    2.8723E-03
4.4267E-01    2.8980E-03    2.8962E-03    2.8996E-03    2.9003E-03    2.8725E-03
4.4444E-01    2.8972E-03    2.8955E-03    2.8989E-03    2.8996E-03    2.8721E-03
4.4622E-01    2.8969E-03    2.8952E-03    2.8985E-03    2.8992E-03    2.8719E-03
4.4800E-01    2.8964E-03    2.8947E-03    2.8981E-03    2.8988E-03    2.8716E-03
4.4979E-01    2.8961E-03    2.8944E-03    2.8978E-03    2.8985E-03    2.8715E-03
4.5159E-01    2.8957E-03    2.8940E-03    2.8973E-03    2.8980E-03    2.8712E-03
4.5340E-01    2.8954E-03    2.8938E-03    2.8971E-03    2.8978E-03    2.8711E-03
4.5521E-01    2.8951E-03    2.8935E-03    2.8968E-03    2.8975E-03    2.8709E-03
4.5703E-01    2.8949E-03    2.8932E-03    2.8965E-03    2.8972E-03    2.8707E-03
4.5886E-01    2.8946E-03    2.8930E-03    2.8963E-03    2.8970E-03    2.8706E-03
4.6069E-01    2.8943E-03    2.8927E-03    2.8960E-03    2.8967E-03    2.8705E-03
4.6254E-01    2.8941E-03    2.8925E-03    2.8957E-03    2.8964E-03    2.8703E-03
4.6439E-01    2.8938E-03    2.8922E-03    2.8955E-03    2.8962E-03    2.8702E-03
4.6624E-01    2.8937E-03    2.8921E-03    2.8953E-03    2.8960E-03    2.8701E-03
4.6811E-01    2.8937E-03    2.8921E-03    2.8953E-03    2.8960E-03    2.8701E-03
4.6998E-01    2.8941E-03    2.8925E-03    2.8957E-03    2.8963E-03    2.8704E-03
4.7186E-01    2.8934E-03    2.8918E-03    2.8950E-03    2.8957E-03    2.8700E-03
4.7375E-01    2.8930E-03    2.8914E-03    2.8945E-03    2.8952E-03    2.8697E-03
4.7564E-01    2.8926E-03    2.8910E-03    2.8941E-03    2.8948E-03    2.8695E-03
4.7754E-01    2.8923E-03    2.8907E-03    2.8938E-03    2.8945E-03    2.8693E-03
4.7945E-01    2.8918E-03    2.8902E-03    2.8933E-03    2.8940E-03    2.8690E-03
4.8137E-01    2.8915E-03    2.8900E-03    2.8931E-03    2.8938E-03    2.8689E-03
4.8329E-01    2.8913E-03    2.8898E-03    2.8929E-03    2.8936E-03    2.8688E-03
4.8523E-01    2.8918E-03    2.8903E-03    2.8933E-03    2.8940E-03    2.8691E-03
4.8717E-01    2.8913E-03    2.8898E-03    2.8928E-03    2.8935E-03    2.8688E-03
4.8911E-01    2.8910E-03    2.8895E-03    2.8926E-03    2.8932E-03    2.8686E-03
4.9107E-01    2.8908E-03    2.8893E-03    2.8923E-03    2.8930E-03    2.8685E-03
4.9303E-01    2.8900E-03    2.8885E-03    2.8915E-03    2.8922E-03    2.8680E-03
4.9500E-01    2.8897E-03    2.8883E-03    2.8913E-03    2.8920E-03    2.8679E-03
4.9698E-01    2.8895E-03    2.8880E-03    2.8910E-03    2.8917E-03    2.8677E-03
4.9897E-01    2.8895E-03    2.8881E-03    2.8910E-03    2.8917E-03    2.8678E-03
5.0097E-01    2.8899E-03    2.8885E-03    2.8914E-03    2.8921E-03    2.8680E-03
5.0297E-01    2.8909E-03    2.8894E-03    2.8924E-03    2.8930E-03    2.8687E-03
5.0498E-01    2.8924E-03    2.8908E-03    2.8939E-03    2.8944E-03    2.8696E-03
5.0700E-01    2.8931E-03    2.8915E-03    2.8945E-03    2.8950E-03    2.8700E-03
5.0903E-01    2.8901E-03    2.8886E-03    2.8916E-03    2.8922E-03    2.8682E-03
5.1106E-01    2.8895E-03    2.8880E-03    2.8909E-03    2.8915E-03    2.8678E-03
5.1311E-01    2.8882E-03    2.8868E-03    2.8897E-03    2.8904E-03    2.8671E-03
5.1516E-01    2.8871E-03    2.8857E-03    2.8886E-03    2.8893E-03    2.8664E-03
5.1722E-01    2.8868E-03    2.8855E-03    2.8883E-03    2.8890E-03    2.8663E-03
5.1929E-01    2.8866E-03    2.8852E-03    2.8880E-03    2.8887E-03    2.8661E-03
5.2136E-01    2.8863E-03    2.8849E-03    2.8877E-03    2.8884E-03    2.8659E-03
5.2345E-01    2.8862E-03    2.8849E-03    2.8876E-03    2.8883E-03    2.8659E-03
5.2554E-01    2.8861E-03    2.8848E-03    2.8876E-03    2.8883E-03    2.8659E-03
5.2764E-01    2.8857E-03    2.8844E-03    2.8872E-03    2.8879E-03    2.8656E-03
5.2975E-01    2.8855E-03    2.8842E-03    2.8870E-03    2.8877E-03    2.8655E-03
5.3187E-01    2.8851E-03    2.8838E-03    2.8866E-03    2.8873E-03    2.8653E-03
5.3400E-01    2.8848E-03    2.8836E-03    2.8863E-03    2.8870E-03    2.8651E-03
5.3613E-01    2.8851E-03    2.8838E-03    2.8865E-03    2.8872E-03    2.8653E-03
5.3828E-01    2.8856E-03    2.8843E-03    2.8870E-03    2.8877E-03    2.8656E-03
5.4043E-01    2.8867E-03    2.8853E-03    2.8881E-03    2.8887E-03    2.8663E-03
5.4259E-01    2.8871E-03    2.8857E-03    2.8885E-03    2.8890E-03    2.8665E-03
5.4476E-01    2.8864E-03    2.8850E-03    2.8877E-03    2.8883E-03    2.8661E-03
5.4694E-01    2.8859E-03    2.8845E-03    2.8872E-03    2.8878E-03    2.8658E-03
5.4912E-01    2.8850E-03    2.8837E-03    2.8864E-03    2.8870E-03    2.8653E-03
5.5132E-01    2.8836E-03    2.8824E-03    2.8850E-03    2.8856E-03    2.8645E-03
5.5353E-01    2.8827E-03    2.8815E-03    2.8840E-03    2.8847E-03    2.8639E-03
5.5574E-01    2.8822E-03    2.8810E-03    2.8835E-03    2.8842E-03    2.8636E-03
5.5796E-01    2.8819E-03    2.8807E-03    2.8832E-03    2.8839E-03    2.8634E-03
5.6019E-01    2.8822E-03    2.8810E-03    2.8835E-03    2.8842E-03    2.8636E-03
5.6243E-01    2.8821E-03    2.8809E-03    2.8834E-03    2.8841E-03    2.8636E-03
5.6468E-01    2.8818E-03    2.8806E-03    2.8831E-03    2.8837E-03    2.8634E-03
5.6694E-01    2.8829E-03    2.8816E-03    2.8842E-03    2.8848E-03    2.8641E-03
5.6921E-01    2.8869E-03    2.8854E-03    2.8881E-03    2.8886E-03    2.8665E-03
5.7148E-01    2.8836E-03    2.8823E-03    2.8849E-03    2.8855E-03    2.8645E-03
5.7377E-01    2.8837E-03    2.8824E-03    2.8850E-03    2.8855E-03    2.8646E-03
5.7606E-01    2.8835E-03    2.8822E-03    2.8848E-03    2.8853E-03    2.8645E-03
5.7836E-01    2.8834E-03    2.8822E-03    2.8847E-03    2.8852E-03    2.8644E-03
5.8068E-01    2.8824E-03    2.8812E-03    2.8837E-03    2.8843E-03    2.8639E-03
5.8300E-01    2.8828E-03    2.8815E-03    2.8840E-03    2.8845E-03    2.8641E-03
5.8533E-01    2.8817E-03    2.8805E-03    2.8830E-03    2.8835E-03    2.8635E-03
5.8767E-01    2.8876E-03    2.8861E-03    2.8888E-03    2.8892E-03    2.8671E-03
5.9002E-01    2.8924E-03    2.8907E-03    2.8937E-03    2.8939E-03    2.8699E-03
5.9238E-01    2.8901E-03    2.8885E-03    2.8913E-03    2.8916E-03    2.8685E-03
5.9475E-01    2.8889E-03    2.8873E-03    2.8901E-03    2.8904E-03    2.8678E-03
5.9713E-01    2.8877E-03    2.8862E-03    2.8889E-03    2.8892E-03    2.8671E-03
5.9952E-01    2.8855E-03    2.8841E-03    2.8867E-03    2.8871E-03    2.8658E-03
6.0191E-01    2.8824E-03    2.8812E-03    2.8836E-03    2.8841E-03    2.8639E-03
6.0432E-01    2.8794E-03    2.8783E-03    2.8806E-03    2.8812E-03    2.8621E-03
6.0674E-01    2.8777E-03    2.8766E-03    2.8789E-03    2.8795E-03    2.8611E-03
6.0916E-01    2.8763E-03    2.8753E-03    2.8776E-03    2.8782E-03    2.8603E-03
6.1160E-01    2.8759E-03    2.8749E-03    2.8771E-03    2.8778E-03    2.8600E-03
6.1404E-01    2.8756E-03    2.8746E-03    2.8768E-03    2.8775E-03    2.8599E-03
6.1650E-01    2.8753E-03    2.8743E-03    2.8765E-03    2.8772E-03    2.8597E-03
6.1896E-01    2.8751E-03    2.8741E-03    2.8763E-03    2.8770E-03    2.8596E-03
6.2144E-01    2.8755E-03    2.8745E-03    2.8766E-03    2.8773E-03    2.8598E-03
6.2392E-01    2.8753E-03    2.8743E-03    2.8765E-03    2.8772E-03    2.8597E-03
6.2642E-01    2.8777E-03    2.8766E-03    2.8789E-03    2.8794E-03    2.8612E-03
6.2892E-01    2.8783E-03    2.8771E-03    2.8794E-03    2.8799E-03    2.8615E-03
6.3144E-01    2.8767E-03    2.8757E-03    2.8779E-03    2.8784E-03    2.8606E-03
6.3396E-01    2.8787E-03    2.8776E-03    2.8799E-03    2.8803E-03    2.8618E-03
6.3650E-01    2.8783E-03    2.8772E-03    2.8794E-03    2.8799E-03    2.8615E-03
6.3904E-01    2.8796E-03    2.8785E-03    2.8808E-03    2.8812E-03    2.8624E-03
6.4160E-01    2.8786E-03    2.8775E-03    2.8798E-03    2.8802E-03    2.8617E-03
6.4416E-01    2.8801E-03    2.8789E-03    2.8812E-03    2.8816E-03    2.8626E-03
6.4674E-01    2.8839E-03    2.8826E-03    2.8850E-03    2.8853E-03    2.8650E-03
6.4933E-01    2.8870E-03    2.8855E-03    2.8881E-03    2.8883E-03    2.8668E-03
6.5192E-01    2.8844E-03    2.8830E-03    2.8855E-03    2.8858E-03    2.8652E-03
6.5453E-01    2.8841E-03    2.8827E-03    2.8852E-03    2.8855E-03    2.8651E-03
6.5715E-01    2.8813E-03    2.8800E-03    2.8824E-03    2.8827E-03    2.8634E-03
6.5977E-01    2.8788E-03    2.8776E-03    2.8799E-03    2.8802E-03    2.8619E-03
6.6241E-01    2.8752E-03    2.8742E-03    2.8763E-03    2.8768E-03    2.8598E-03
6.6506E-01    2.8741E-03    2.8731E-03    2.8752E-03    2.8757E-03    2.8590E-03
6.6772E-01    2.8722E-03    2.8713E-03    2.8733E-03    2.8739E-03    2.8580E-03
6.7039E-01    2.8707E-03    2.8699E-03    2.8718E-03    2.8724E-03    2.8571E-03
6.7307E-01    2.8704E-03    2.8695E-03    2.8714E-03    2.8721E-03    2.8569E-03
6.7576E-01    2.8703E-03    2.8695E-03    2.8714E-03    2.8720E-03    2.8569E-03
6.7847E-01    2.8709E-03    2.8701E-03    2.8720E-03    2.8726E-03    2.8572E-03
6.8118E-01    2.8733E-03    2.8724E-03    2.8744E-03    2.8749E-03    2.8586E-03
6.8390E-01    2.8754E-03    2.8743E-03    2.8764E-03    2.8769E-03    2.8599E-03
6.8664E-01    2.8746E-03    2.8736E-03    2.8756E-03    2.8761E-03    2.8594E-03
6.8938E-01    2.8725E-03    2.8716E-03    2.8735E-03    2.8740E-03    2.8582E-03
6.9214E-01    2.8823E-03    2.8809E-03    2.8833E-03    2.8835E-03    2.8641E-03
6.9491E-01    2.8886E-03    2.8871E-03    2.8897E-03    2.8898E-03    2.8679E-03
6.9769E-01    2.8826E-03    2.8812E-03    2.8836E-03    2.8838E-03    2.8642E-03
7.0047E-01    2.8864E-03    2.8849E-03    2.8875E-03    2.8876E-03    2.8665E-03
7.0328E-01    2.8849E-03    2.8835E-03    2.8860E-03    2.8861E-03    2.8657E-03
7.0609E-01    2.8870E-03    2.8855E-03    2.8881E-03    2.8882E-03    2.8669E-03
7.0891E-01    2.8805E-03    2.8792E-03    2.8815E-03    2.8817E-03    2.8631E-03
7.1175E-01    2.8807E-03    2.8794E-03    2.8817E-03    2.8819E-03    2.8632E-03
7.1459E-01    2.8847E-03    2.8833E-03    2.8858E-03    2.8859E-03    2.8656E-03
7.1745E-01    2.8944E-03    2.8926E-03    2.8956E-03    2.8956E-03    2.8714E-03
7.2032E-01    2.8971E-03    2.8952E-03    2.8984E-03    2.8984E-03    2.8728E-03
7.2320E-01    2.8932E-03    2.8915E-03    2.8944E-03    2.8944E-03    2.8707E-03
7.2609E-01    2.8962E-03    2.8944E-03    2.8974E-03    2.8974E-03    2.8723E-03
7.2899E-01    2.8981E-03    2.8962E-03    2.8994E-03    2.8994E-03    2.8734E-03
7.3191E-01    2.8904E-03    2.8888E-03    2.8915E-03    2.8915E-03    2.8691E-03
7.3484E-01    2.8860E-03    2.8845E-03    2.8870E-03    2.8871E-03    2.8664E-03
7.3777E-01    2.8863E-03    2.8848E-03    2.8874E-03    2.8874E-03    2.8666E-03
7.4072E-01    2.8808E-03    2.8795E-03    2.8818E-03    2.8820E-03    2.8632E-03
7.4369E-01    2.8747E-03    2.8736E-03    2.8756E-03    2.8759E-03    2.8596E-03
7.4666E-01    2.8735E-03    2.8725E-03    2.8756E-03    2.8770E-03    2.8609E-03
7.4965E-01    2.8698E-03    2.8690E-03    2.8727E-03    2.8750E-03    2.8601E-03
7.5264E-01    2.8683E-03    2.8677E-03    2.8720E-03    2.8749E-03    2.8604E-03
7.5565E-01    2.8662E-03    2.8657E-03    2.8706E-03    2.8743E-03    2.8603E-03
7.5867E-01    2.8677E-03    2.8672E-03    2.8729E-03    2.8770E-03    2.8621E-03
7.6171E-01    2.8662E-03    2.8659E-03    2.8732E-03    2.8784E-03    2.8634E-03
7.6475E-01    2.8672E-03    2.8671E-03    2.8765E-03    2.8829E-03    2.8663E-03
7.6781E-01    2.8678E-03    2.8678E-03    2.8782E-03    2.8850E-03    2.8677E-03
7.7088E-01    2.8692E-03    2.8693E-03    2.8821E-03    2.8899E-03    2.8707E-03
7.7396E-01    2.8720E-03    2.8723E-03    2.8865E-03    2.8946E-03    2.8733E-03
7.7706E-01    2.8749E-03    2.8753E-03    2.8912E-03    2.9000E-03    2.8763E-03
7.8017E-01    2.8787E-03    2.8792E-03    2.8967E-03    2.9057E-03    2.8793E-03
7.8329E-01    2.8821E-03    2.8823E-03    2.8985E-03    2.9069E-03    2.8799E-03
7.8642E-01    2.8843E-03    2.8843E-03    2.8995E-03    2.9076E-03    2.8802E-03
7.8956E-01    2.8863E-03    2.8860E-03    2.9002E-03    2.9081E-03    2.8805E-03
7.9272E-01    2.8873E-03    2.8870E-03    2.9015E-03    2.9092E-03    2.8809E-03
7.9589E-01    2.8876E-03    2.8871E-03    2.9011E-03    2.9089E-03    2.8809E-03
7.9907E-01    2.8887E-03    2.8881E-03    2.9013E-03    2.9087E-03    2.8806E-03
8.0227E-01    2.8879E-03    2.8870E-03    2.8977E-03    2.9040E-03    2.8781E-03
8.0548E-01    2.8832E-03    2.8825E-03    2.8924E-03    2.8984E-03    2.8750E-03
8.0870E-01    2.8887E-03    2.8875E-03    2.8949E-03    2.8991E-03    2.8748E-03
8.1193E-01    2.8894E-03    2.8881E-03    2.8946E-03    2.8981E-03    2.8740E-03
8.1518E-01    2.8934E-03    2.8918E-03    2.8959E-03    2.8972E-03    2.8730E-03
8.1844E-01    2.8927E-03    2.8911E-03    2.8947E-03    2.8957E-03    2.8720E-03
8.2171E-01    2.8924E-03    2.8907E-03    2.8943E-03    2.8951E-03    2.8715E-03
8.2500E-01    2.8893E-03    2.8877E-03    2.8908E-03    2.8913E-03    2.8692E-03
8.2829E-01    2.8898E-03    2.8883E-03    2.8913E-03    2.8917E-03    2.8695E-03
8.3161E-01    2.8888E-03    2.8873E-03    2.8908E-03    2.8917E-03    2.8697E-03
8.3493E-01    2.8865E-03    2.8853E-03    2.8926E-03    2.8966E-03    2.8734E-03
8.3827E-01    2.8884E-03    2.8876E-03    2.8990E-03    2.9049E-03    2.8783E-03
8.4162E-01    2.8863E-03    2.8857E-03    2.8973E-03    2.9038E-03    2.8778E-03
8.4499E-01    2.8817E-03    2.8814E-03    2.8948E-03    2.9024E-03    2.8774E-03
8.4837E-01    2.8785E-03    2.8783E-03    2.8908E-03    2.8979E-03    2.8749E-03
8.5176E-01    2.8841E-03    2.8839E-03    2.8984E-03    2.9059E-03    2.8792E-03
8.5516E-01    2.8864E-03    2.8866E-03    2.9040E-03    2.9124E-03    2.8827E-03
8.5858E-01    2.8964E-03    2.8968E-03    2.9169E-03    2.9254E-03    2.8894E-03
8.6202E-01    2.8991E-03    2.8994E-03    2.9201E-03    2.9287E-03    2.8911E-03
8.6546E-01    2.8983E-03    2.8987E-03    2.9192E-03    2.9277E-03    2.8905E-03
8.6892E-01    2.8960E-03    2.8965E-03    2.9177E-03    2.9265E-03    2.8900E-03
8.7240E-01    2.8949E-03    2.8952E-03    2.9149E-03    2.9233E-03    2.8883E-03
8.7589E-01    2.8988E-03    2.8990E-03    2.9188E-03    2.9271E-03    2.8903E-03
8.7939E-01    2.9117E-03    2.9115E-03    2.9317E-03    2.9397E-03    2.8966E-03
8.8291E-01    2.9201E-03    2.9196E-03    2.9404E-03    2.9484E-03    2.9010E-03
8.8644E-01    2.9231E-03    2.9224E-03    2.9435E-03    2.9515E-03    2.9027E-03
8.8998E-01    2.9238E-03    2.9231E-03    2.9443E-03    2.9523E-03    2.9030E-03
8.9354E-01    2.9192E-03    2.9187E-03    2.9398E-03    2.9479E-03    2.9008E-03
8.9711E-01    2.9212E-03    2.9204E-03    2.9409E-03    2.9488E-03    2.9013E-03
9.0070E-01    2.9220E-03    2.9211E-03    2.9413E-03    2.9493E-03    2.9015E-03
9.0430E-01    2.9103E-03    2.9097E-03    2.9288E-03    2.9368E-03    2.8951E-03
9.0792E-01    2.9090E-03    2.9081E-03    2.9247E-03    2.9321E-03    2.8926E-03
9.1155E-01    2.9031E-03    2.9020E-03    2.9156E-03    2.9222E-03    2.8875E-03
9.1519E-01    2.9018E-03    2.9004E-03    2.9114E-03    2.9171E-03    2.8847E-03
9.1885E-01    2.8950E-03    2.8938E-03    2.9031E-03    2.9081E-03    2.8800E-03
9.2253E-01    2.8965E-03    2.8952E-03    2.9048E-03    2.9101E-03    2.8809E-03
9.2622E-01    2.8959E-03    2.8943E-03    2.9002E-03    2.9029E-03    2.8765E-03
9.2992E-01    2.8997E-03    2.8979E-03    2.9020E-03    2.9030E-03    2.8762E-03
9.3364E-01    2.9075E-03    2.9054E-03    2.9099E-03    2.9104E-03    2.8797E-03
9.3737E-01    2.9036E-03    2.9015E-03    2.9051E-03    2.9052E-03    2.8771E-03
9.4112E-01    2.9006E-03    2.8987E-03    2.9024E-03    2.9029E-03    2.8759E-03
9.4488E-01    2.9028E-03    2.9008E-03    2.9051E-03    2.9060E-03    2.8777E-03
9.4866E-01    2.9038E-03    2.9018E-03    2.9064E-03    2.9075E-03    2.8785E-03
9.5245E-01    2.9019E-03    2.9002E-03    2.9071E-03    2.9098E-03    2.8801E-03
9.5626E-01    2.9018E-03    2.9000E-03    2.9065E-03    2.9093E-03    2.8800E-03
9.6009E-01    2.9046E-03    2.9028E-03    2.9105E-03    2.9139E-03    2.8826E-03
9.6393E-01    2.9042E-03    2.9029E-03    2.9147E-03    2.9203E-03    2.8863E-03
9.6778E-01    2.9005E-03    2.8995E-03    2.9125E-03    2.9190E-03    2.8859E-03
9.7165E-01    2.9058E-03    2.9051E-03    2.9212E-03    2.9284E-03    2.8907E-03
9.7554E-01    2.9081E-03    2.9073E-03    2.9240E-03    2.9314E-03    2.8923E-03
9.7944E-01    2.9089E-03    2.9084E-03    2.9271E-03    2.9350E-03    2.8942E-03
9.8335E-01    2.9083E-03    2.9077E-03    2.9258E-03    2.9333E-03    2.8933E-03
9.8729E-01    2.9104E-03    2.9099E-03    2.9290E-03    2.9368E-03    2.8951E-03
9.9123E-01    2.9102E-03    2.9099E-03    2.9295E-03    2.9374E-03    2.8954E-03
9.9520E-01    2.9124E-03    2.9122E-03    2.9326E-03    2.9406E-03    2.8971E-03
9.9918E-01    2.9160E-03    2.9156E-03    2.9362E-03    2.9442E-03    2.8989E-03
1.0032E+00    2.9130E-03    2.9127E-03    2.9329E-03    2.9408E-03    2.8971E-03
1.0072E+00    2.9100E-03    2.9098E-03    2.9298E-03    2.9376E-03    2.8955E-03
1.0112E+00    2.9097E-03    2.9095E-03    2.9293E-03    2.9371E-03    2.8952E-03
1.0153E+00    2.9091E-03    2.9089E-03    2.9291E-03    2.9371E-03    2.8952E-03
1.0193E+00    2.9012E-03    2.9013E-03    2.9208E-03    2.9287E-03    2.8910E-03
1.0234E+00    2.9032E-03    2.9033E-03    2.9236E-03    2.9319E-03    2.8927E-03
1.0275E+00    2.8957E-03    2.8960E-03    2.9153E-03    2.9234E-03    2.8883E-03
1.0316E+00    2.8918E-03    2.8923E-03    2.9119E-03    2.9202E-03    2.8867E-03
1.0357E+00    2.8824E-03    2.8829E-03    2.9002E-03    2.9081E-03    2.8805E-03
1.0399E+00    2.8773E-03    2.8780E-03    2.8952E-03    2.9034E-03    2.8781E-03
1.0440E+00    2.8702E-03    2.8708E-03    2.8861E-03    2.8940E-03    2.8731E-03
1.0482E+00    2.8669E-03    2.8676E-03    2.8823E-03    2.8900E-03    2.8709E-03
1.0524E+00    2.8663E-03    2.8668E-03    2.8808E-03    2.8885E-03    2.8700E-03
1.0566E+00    2.8618E-03    2.8621E-03    2.8736E-03    2.8806E-03    2.8655E-03
1.0608E+00    2.8625E-03    2.8624E-03    2.8705E-03    2.8759E-03    2.8624E-03
1.0651E+00    2.8638E-03    2.8634E-03    2.8700E-03    2.8746E-03    2.8614E-03
1.0693E+00    2.8692E-03    2.8684E-03    2.8730E-03    2.8758E-03    2.8614E-03
1.0736E+00    2.8688E-03    2.8680E-03    2.8713E-03    2.8732E-03    2.8595E-03
1.0779E+00    2.8699E-03    2.8690E-03    2.8722E-03    2.8739E-03    2.8599E-03
1.0822E+00    2.8776E-03    2.8765E-03    2.8800E-03    2.8816E-03    2.8643E-03
1.0865E+00    2.8809E-03    2.8799E-03    2.8862E-03    2.8894E-03    2.8694E-03
1.0909E+00    2.8896E-03    2.8886E-03    2.8976E-03    2.9018E-03    2.8763E-03
1.0952E+00    2.8916E-03    2.8905E-03    2.8988E-03    2.9027E-03    2.8767E-03
1.0996E+00    2.8941E-03    2.8927E-03    2.8985E-03    2.9008E-03    2.8753E-03
1.1040E+00    2.8979E-03    2.8964E-03    2.9038E-03    2.9071E-03    2.8789E-03
1.1084E+00    2.9052E-03    2.9041E-03    2.9169E-03    2.9226E-03    2.8875E-03
1.1129E+00    2.9108E-03    2.9095E-03    2.9229E-03    2.9285E-03    2.8905E-03
1.1173E+00    2.9195E-03    2.9180E-03    2.9331E-03    2.9393E-03    2.8963E-03
1.1218E+00    2.9293E-03    2.9277E-03    2.9459E-03    2.9530E-03    2.9036E-03
1.1263E+00    2.9334E-03    2.9319E-03    2.9515E-03    2.9589E-03    2.9066E-03
1.1308E+00    2.9307E-03    2.9290E-03    2.9472E-03    2.9541E-03    2.9042E-03
1.1353E+00    2.9386E-03    2.9369E-03    2.9573E-03    2.9649E-03    2.9100E-03
1.1398E+00    2.9264E-03    2.9252E-03    2.9441E-03    2.9513E-03    2.9024E-03
1.1444E+00    2.9318E-03    2.9304E-03    2.9507E-03    2.9584E-03    2.9062E-03
1.1490E+00    2.9399E-03    2.9383E-03    2.9599E-03    2.9680E-03    2.9114E-03
1.1535E+00    2.9451E-03    2.9434E-03    2.9652E-03    2.9732E-03    2.9143E-03
1.1582E+00    2.9394E-03    2.9378E-03    2.9583E-03    2.9659E-03    2.9103E-03
1.1628E+00    2.9504E-03    2.9484E-03    2.9704E-03    2.9780E-03    2.9172E-03
1.1674E+00    2.9428E-03    2.9411E-03    2.9627E-03    2.9705E-03    2.9128E-03
1.1721E+00    2.9397E-03    2.9381E-03    2.9593E-03    2.9671E-03    2.9110E-03
1.1768E+00    2.9336E-03    2.9323E-03    2.9530E-03    2.9609E-03    2.9076E-03
1.1815E+00    2.9265E-03    2.9254E-03    2.9453E-03    2.9531E-03    2.9035E-03
1.1862E+00    2.9250E-03    2.9239E-03    2.9433E-03    2.9508E-03    2.9023E-03
1.1910E+00    2.9265E-03    2.9255E-03    2.9456E-03    2.9534E-03    2.9037E-03
1.1957E+00    2.9225E-03    2.9216E-03    2.9410E-03    2.9484E-03    2.9011E-03
1.2005E+00    2.9178E-03    2.9170E-03    2.9356E-03    2.9428E-03    2.8981E-03
1.2053E+00    2.9158E-03    2.9146E-03    2.9305E-03    2.9370E-03    2.8949E-03
1.2101E+00    2.9083E-03    2.9075E-03    2.9235E-03    2.9302E-03    2.8915E-03
1.2150E+00    2.9034E-03    2.9026E-03    2.9176E-03    2.9241E-03    2.8884E-03
1.2198E+00    2.8987E-03    2.8977E-03    2.9100E-03    2.9158E-03    2.8839E-03
1.2247E+00    2.8953E-03    2.8947E-03    2.9085E-03    2.9151E-03    2.8838E-03
1.2296E+00    2.8954E-03    2.8949E-03    2.9099E-03    2.9167E-03    2.8847E-03
1.2345E+00    2.8910E-03    2.8908E-03    2.9057E-03    2.9123E-03    2.8824E-03
1.2395E+00    2.8860E-03    2.8860E-03    2.9017E-03    2.9092E-03    2.8809E-03
1.2444E+00    2.8796E-03    2.8799E-03    2.8948E-03    2.9017E-03    2.8769E-03
1.2494E+00    2.8714E-03    2.8716E-03    2.8844E-03    2.8910E-03    2.8712E-03
1.2544E+00    2.8693E-03    2.8693E-03    2.8801E-03    2.8860E-03    2.8683E-03
1.2594E+00    2.8662E-03    2.8662E-03    2.8767E-03    2.8825E-03    2.8663E-03
1.2644E+00    2.8664E-03    2.8662E-03    2.8747E-03    2.8796E-03    2.8644E-03
1.2695E+00    2.8660E-03    2.8657E-03    2.8734E-03    2.8779E-03    2.8633E-03
1.2746E+00    2.8664E-03    2.8660E-03    2.8726E-03    2.8766E-03    2.8624E-03
1.2797E+00    2.8694E-03    2.8687E-03    2.8739E-03    2.8769E-03    2.8622E-03
1.2848E+00    2.8719E-03    2.8712E-03    2.8771E-03    2.8804E-03    2.8643E-03
1.2899E+00    2.8777E-03    2.8768E-03    2.8823E-03    2.8850E-03    2.8668E-03
1.2951E+00    2.8850E-03    2.8839E-03    2.8896E-03    2.8920E-03    2.8707E-03
1.3003E+00    2.8896E-03    2.8889E-03    2.8992E-03    2.9041E-03    2.8778E-03
1.3055E+00    2.8981E-03    2.8973E-03    2.9097E-03    2.9151E-03    2.8836E-03
1.3107E+00    2.9023E-03    2.9012E-03    2.9131E-03    2.9182E-03    2.8853E-03
1.3159E+00    2.9095E-03    2.9083E-03    2.9220E-03    2.9275E-03    2.8900E-03
1.3212E+00    2.9061E-03    2.9047E-03    2.9154E-03    2.9199E-03    2.8859E-03
1.3265E+00    2.9094E-03    2.9082E-03    2.9215E-03    2.9270E-03    2.8899E-03
1.3318E+00    2.9291E-03    2.9276E-03    2.9454E-03    2.9522E-03    2.9033E-03
1.3371E+00    2.9179E-03    2.9165E-03    2.9316E-03    2.9375E-03    2.8954E-03
1.3424E+00    2.9282E-03    2.9267E-03    2.9446E-03    2.9513E-03    2.9027E-03
1.3478E+00    2.9343E-03    2.9325E-03    2.9504E-03    2.9571E-03    2.9059E-03
1.3532E+00    2.9383E-03    2.9365E-03    2.9558E-03    2.9628E-03    2.9084E-03
1.3586E+00    2.9406E-03    2.9386E-03    2.9572E-03    2.9637E-03    2.9090E-03
1.3640E+00    2.9365E-03    2.9345E-03    2.9519E-03    2.9586E-03    2.9065E-03
1.3695E+00    2.9425E-03    2.9405E-03    2.9601E-03    2.9671E-03    2.9111E-03
1.3750E+00    2.9368E-03    2.9349E-03    2.9537E-03    2.9608E-03    2.9075E-03
1.3805E+00    2.9435E-03    2.9414E-03    2.9607E-03    2.9677E-03    2.9116E-03
1.3860E+00    2.9405E-03    2.9386E-03    2.9583E-03    2.9656E-03    2.9103E-03
1.3915E+00    2.9404E-03    2.9384E-03    2.9572E-03    2.9641E-03    2.9095E-03
1.3971E+00    2.9393E-03    2.9374E-03    2.9565E-03    2.9633E-03    2.9088E-03
1.4027E+00    2.9437E-03    2.9417E-03    2.9610E-03    2.9677E-03    2.9112E-03
1.4083E+00    2.9385E-03    2.9367E-03    2.9561E-03    2.9632E-03    2.9090E-03
1.4139E+00    2.9374E-03    2.9356E-03    2.9540E-03    2.9604E-03    2.9072E-03
1.4196E+00    2.9290E-03    2.9273E-03    2.9445E-03    2.9511E-03    2.9023E-03
1.4253E+00    2.9296E-03    2.9279E-03    2.9444E-03    2.9505E-03    2.9019E-03
1.4310E+00    2.9285E-03    2.9265E-03    2.9412E-03    2.9470E-03    2.9012E-03
1.4367E+00    2.9294E-03    2.9275E-03    2.9433E-03    2.9496E-03    2.9018E-03
1.4424E+00    2.9216E-03    2.9199E-03    2.9345E-03    2.9403E-03    2.8975E-03
1.4482E+00    2.9190E-03    2.9172E-03    2.9301E-03    2.9354E-03    2.8945E-03
1.4540E+00    2.9167E-03    2.9154E-03    2.9306E-03    2.9368E-03    2.8954E-03
1.4598E+00    2.9137E-03    2.9123E-03    2.9261E-03    2.9318E-03    2.8943E-03
1.4656E+00    2.9110E-03    2.9094E-03    2.9211E-03    2.9261E-03    2.8910E-03
1.4715E+00    2.9135E-03    2.9118E-03    2.9232E-03    2.9279E-03    2.8924E-03
1.4774E+00    2.9083E-03    2.9067E-03    2.9169E-03    2.9209E-03    2.8881E-03
1.4833E+00    2.9076E-03    2.9059E-03    2.9150E-03    2.9184E-03    2.8860E-03
1.4892E+00    2.9040E-03    2.9023E-03    2.9101E-03    2.9130E-03    2.8829E-03
1.4952E+00    2.8995E-03    2.8981E-03    2.9068E-03    2.9107E-03    2.8820E-03
1.5011E+00    2.8947E-03    2.8932E-03    2.8993E-03    2.9019E-03    2.8790E-03
1.5071E+00    2.8967E-03    2.8956E-03    2.9057E-03    2.9098E-03    2.8826E-03
1.5132E+00    2.8908E-03    2.8897E-03    2.8977E-03    2.9015E-03    2.8778E-03
1.5192E+00    2.8893E-03    2.8881E-03    2.8944E-03    2.8971E-03    2.8752E-03
1.5253E+00    2.8864E-03    2.8852E-03    2.8908E-03    2.8931E-03    2.8728E-03
1.5314E+00    2.8905E-03    2.8891E-03    2.8951E-03    2.8980E-03    2.8762E-03
1.5375E+00    2.8829E-03    2.8820E-03    2.8886E-03    2.8918E-03    2.8930E-03
1.5437E+00    2.8822E-03    2.8810E-03    2.8865E-03    2.8897E-03    2.9267E-03
1.5498E+00    2.8699E-03    2.8693E-03    2.8755E-03    2.8796E-03    2.9254E-03
1.5560E+00    2.8700E-03    2.8697E-03    2.8772E-03    2.8817E-03    2.9253E-03
1.5623E+00    2.8881E-03    2.8882E-03    2.8925E-03    2.8942E-03    2.9249E-03
1.5685E+00    2.8991E-03    2.8984E-03    2.9006E-03    2.9006E-03    2.9240E-03
1.5748E+00    2.9038E-03    2.9021E-03    2.9050E-03    2.9057E-03    2.9239E-03
1.5811E+00    2.9025E-03    2.9011E-03    2.9034E-03    2.9034E-03    2.9246E-03
1.5874E+00    2.8861E-03    2.8859E-03    2.8881E-03    2.8886E-03    2.9234E-03
1.5937E+00    2.8770E-03    2.8769E-03    2.8816E-03    2.8841E-03    2.9236E-03
1.6001E+00    2.8926E-03    2.8912E-03    2.8971E-03    2.9000E-03    2.9242E-03
1.6065E+00    2.9049E-03    2.9033E-03    2.9129E-03    2.9170E-03    2.9234E-03
1.6129E+00    2.9015E-03    2.9004E-03    2.9126E-03    2.9176E-03    2.9236E-03
1.6194E+00    2.9091E-03    2.9081E-03    2.9259E-03    2.9323E-03    2.9254E-03
1.6259E+00    2.9118E-03    2.9108E-03    2.9272E-03    2.9330E-03    2.9278E-03
1.6324E+00    2.9166E-03    2.9155E-03    2.9331E-03    2.9392E-03    2.9283E-03
1.6389E+00    2.9199E-03    2.9186E-03    2.9336E-03    2.9387E-03    2.9304E-03
1.6454E+00    2.9280E-03    2.9265E-03    2.9439E-03    2.9501E-03    2.9323E-03
1.6520E+00    2.9271E-03    2.9257E-03    2.9430E-03    2.9490E-03    2.9343E-03
1.6586E+00    2.9203E-03    2.9191E-03    2.9354E-03    2.9414E-03    2.9342E-03
1.6653E+00    2.9298E-03    2.9283E-03    2.9467E-03    2.9531E-03    2.9385E-03
1.6719E+00    2.9248E-03    2.9236E-03    2.9426E-03    2.9498E-03    2.9458E-03
1.6786E+00    2.9246E-03    2.9234E-03    2.9429E-03    2.9504E-03    2.9474E-03
1.6853E+00    2.9240E-03    2.9227E-03    2.9413E-03    2.9484E-03    2.9490E-03
1.6921E+00    2.9228E-03    2.9214E-03    2.9387E-03    2.9455E-03    2.9491E-03
1.6988E+00    2.9397E-03    2.9381E-03    2.9593E-03    2.9672E-03    2.9465E-03
1.7056E+00    2.9422E-03    2.9403E-03    2.9596E-03    2.9661E-03    2.9465E-03
1.7124E+00    2.9389E-03    2.9372E-03    2.9565E-03    2.9635E-03    2.9483E-03
1.7193E+00    2.9203E-03    2.9191E-03    2.9355E-03    2.9418E-03    2.9492E-03
1.7262E+00    2.9385E-03    2.9368E-03    2.9563E-03    2.9632E-03    2.9510E-03
1.7331E+00    2.9364E-03    2.9348E-03    2.9544E-03    2.9618E-03    2.9499E-03
1.7400E+00    2.9303E-03    2.9287E-03    2.9468E-03    2.9536E-03    2.9484E-03
1.7470E+00    2.9358E-03    2.9341E-03    2.9527E-03    2.9596E-03    2.9459E-03
1.7539E+00    2.9267E-03    2.9253E-03    2.9428E-03    2.9494E-03    2.9377E-03
1.7610E+00    2.9290E-03    2.9276E-03    2.9454E-03    2.9519E-03    2.9343E-03
1.7680E+00    2.9312E-03    2.9295E-03    2.9470E-03    2.9532E-03    2.9331E-03
1.7751E+00    2.9392E-03    2.9374E-03    2.9562E-03    2.9626E-03    2.9319E-03
1.7822E+00    2.9228E-03    2.9213E-03    2.9369E-03    2.9426E-03    2.9327E-03
1.7893E+00    2.9340E-03    2.9323E-03    2.9497E-03    2.9560E-03    2.9341E-03
1.7964E+00    2.9262E-03    2.9247E-03    2.9416E-03    2.9479E-03    2.9308E-03
1.8036E+00    2.9256E-03    2.9239E-03    2.9395E-03    2.9454E-03    2.9284E-03
1.8108E+00    2.9242E-03    2.9225E-03    2.9374E-03    2.9432E-03    2.9249E-03
1.8181E+00    2.9254E-03    2.9236E-03    2.9384E-03    2.9440E-03    2.9213E-03
1.8254E+00    2.9228E-03    2.9210E-03    2.9349E-03    2.9401E-03    2.9210E-03
1.8326E+00    2.9220E-03    2.9200E-03    2.9324E-03    2.9370E-03    2.9190E-03
1.8400E+00    2.9248E-03    2.9226E-03    2.9338E-03    2.9376E-03    2.9204E-03
1.8473E+00    2.9212E-03    2.9191E-03    2.9297E-03    2.9334E-03    2.9201E-03
1.8547E+00    2.9180E-03    2.9159E-03    2.9254E-03    2.9290E-03    2.9203E-03
1.8621E+00    2.9207E-03    2.9185E-03    2.9274E-03    2.9300E-03    2.9223E-03
1.8696E+00    2.9201E-03    2.9178E-03    2.9262E-03    2.9286E-03    2.9230E-03
1.8771E+00    2.9153E-03    2.9130E-03    2.9201E-03    2.9224E-03    2.9220E-03
1.8846E+00    2.9143E-03    2.9121E-03    2.9193E-03    2.9213E-03    2.9220E-03
1.8921E+00    2.9144E-03    2.9121E-03    2.9190E-03    2.9210E-03    2.9205E-03
1.8997E+00    2.9137E-03    2.9113E-03    2.9168E-03    2.9180E-03    2.9204E-03
1.9073E+00    2.9146E-03    2.9123E-03    2.9191E-03    2.9211E-03    2.9242E-03
1.9149E+00    2.9173E-03    2.9152E-03    2.9244E-03    2.9273E-03    2.9246E-03
1.9225E+00    2.9172E-03    2.9151E-03    2.9243E-03    2.9274E-03    2.9230E-03
1.9302E+00    2.9134E-03    2.9113E-03    2.9189E-03    2.9211E-03    2.9218E-03
1.9380E+00    2.9091E-03    2.9070E-03    2.9129E-03    2.9146E-03    2.9231E-03
1.9457E+00    2.9138E-03    2.9114E-03    2.9171E-03    2.9189E-03    2.9275E-03
1.9535E+00    2.9256E-03    2.9225E-03    2.9275E-03    2.9285E-03    2.9304E-03
1.9613E+00    2.9237E-03    2.9209E-03    2.9266E-03    2.9281E-03    2.9290E-03
1.9691E+00    2.9194E-03    2.9167E-03    2.9221E-03    2.9236E-03    2.9273E-03
1.9770E+00    2.9028E-03    2.9008E-03    2.9059E-03    2.9074E-03    2.9225E-03
1.9849E+00    2.8965E-03    2.8948E-03    2.9006E-03    2.9029E-03    2.9210E-03
1.9929E+00    2.8979E-03    2.8961E-03    2.9014E-03    2.9034E-03    2.9194E-03
2.0008E+00    2.9258E-03    2.9228E-03    2.9282E-03    2.9294E-03    2.9192E-03
2.0088E+00    2.9287E-03    2.9255E-03    2.9301E-03    2.9309E-03    2.9206E-03
2.0169E+00    2.9278E-03    2.9247E-03    2.9296E-03    2.9305E-03    2.9224E-03
2.0249E+00    2.9153E-03    2.9126E-03    2.9173E-03    2.9186E-03    2.9251E-03
2.0330E+00    2.8991E-03    2.8971E-03    2.9016E-03    2.9034E-03    2.9273E-03
2.0411E+00    2.8940E-03    2.8921E-03    2.8963E-03    2.8979E-03    2.9283E-03
2.0493E+00    2.9126E-03    2.9100E-03    2.9141E-03    2.9152E-03    2.9278E-03
2.0575E+00    2.9179E-03    2.9151E-03    2.9191E-03    2.9200E-03    2.9263E-03
2.0657E+00    2.9221E-03    2.9192E-03    2.9233E-03    2.9242E-03    2.9286E-03
2.0740E+00    2.9165E-03    2.9137E-03    2.9182E-03    2.9195E-03    2.9299E-03
2.0823E+00    2.9018E-03    2.8996E-03    2.9047E-03    2.9067E-03    2.9278E-03
2.0906E+00    2.9008E-03    2.8987E-03    2.9053E-03    2.9080E-03    2.9232E-03
2.0990E+00    2.8995E-03    2.8974E-03    2.9033E-03    2.9056E-03    2.9207E-03
2.1074E+00    2.8960E-03    2.8941E-03    2.9033E-03    2.9071E-03    2.9209E-03
2.1158E+00    2.8979E-03    2.8962E-03    2.9068E-03    2.9112E-03    2.9191E-03
2.1242E+00    2.9006E-03    2.8990E-03    2.9108E-03    2.9154E-03    2.9187E-03
2.1327E+00    2.8996E-03    2.8981E-03    2.9088E-03    2.9130E-03    2.9166E-03
2.1413E+00    2.9044E-03    2.9029E-03    2.9136E-03    2.9177E-03    2.9169E-03
2.1498E+00    2.9067E-03    2.9053E-03    2.9167E-03    2.9210E-03    2.9196E-03
2.1584E+00    2.9169E-03    2.9154E-03    2.9293E-03    2.9343E-03    2.9222E-03
2.1671E+00    2.9170E-03    2.9156E-03    2.9307E-03    2.9362E-03    2.9233E-03
2.1757E+00    2.9192E-03    2.9176E-03    2.9322E-03    2.9373E-03    2.9262E-03
2.1844E+00    2.9081E-03    2.9067E-03    2.9195E-03    2.9244E-03    2.9281E-03
2.1932E+00    2.9201E-03    2.9187E-03    2.9368E-03    2.9430E-03    2.9309E-03
2.2019E+00    2.9511E-03    2.9489E-03    2.9703E-03    2.9772E-03    2.9356E-03
2.2107E+00    2.9196E-03    2.9181E-03    2.9343E-03    2.9402E-03    2.9327E-03
2.2196E+00    2.9245E-03    2.9229E-03    2.9404E-03    2.9464E-03    2.9373E-03
2.2285E+00    2.9421E-03    2.9401E-03    2.9601E-03    2.9664E-03    2.9452E-03
2.2374E+00    2.9366E-03    2.9346E-03    2.9520E-03    2.9577E-03    2.9466E-03
2.2463E+00    2.9454E-03    2.9433E-03    2.9642E-03    2.9709E-03    2.9512E-03
2.2553E+00    2.9429E-03    2.9409E-03    2.9596E-03    2.9659E-03    2.9539E-03
2.2643E+00    2.9467E-03    2.9445E-03    2.9638E-03    2.9704E-03    2.9561E-03
2.2734E+00    2.9358E-03    2.9338E-03    2.9514E-03    2.9579E-03    2.9553E-03
2.2825E+00    2.9421E-03    2.9401E-03    2.9593E-03    2.9662E-03    2.9524E-03
2.2916E+00    2.9557E-03    2.9532E-03    2.9736E-03    2.9799E-03    2.9527E-03
2.3007E+00    2.9509E-03    2.9485E-03    2.9688E-03    2.9750E-03    2.9518E-03
2.3099E+00    2.9355E-03    2.9337E-03    2.9516E-03    2.9580E-03    2.9519E-03
2.3192E+00    2.9539E-03    2.9515E-03    2.9709E-03    2.9771E-03    2.9549E-03
2.3285E+00    2.9456E-03    2.9435E-03    2.9595E-03    2.9654E-03    2.9545E-03
2.3378E+00    2.9620E-03    2.9593E-03    2.9754E-03    2.9800E-03    2.9554E-03
2.3471E+00    2.9531E-03    2.9507E-03    2.9685E-03    2.9740E-03    2.9500E-03
2.3565E+00    2.9514E-03    2.9491E-03    2.9667E-03    2.9724E-03    2.9467E-03
2.3659E+00    2.9453E-03    2.9432E-03    2.9578E-03    2.9625E-03    2.9431E-03
2.3754E+00    2.9521E-03    2.9497E-03    2.9682E-03    2.9743E-03    2.9421E-03
2.3849E+00    2.9388E-03    2.9367E-03    2.9541E-03    2.9602E-03    2.9414E-03
2.3944E+00    2.9408E-03    2.9387E-03    2.9568E-03    2.9629E-03    2.9438E-03
2.4040E+00    2.9326E-03    2.9307E-03    2.9463E-03    2.9514E-03    2.9413E-03
2.4136E+00    2.9287E-03    2.9269E-03    2.9422E-03    2.9476E-03    2.9393E-03
2.4233E+00    2.9395E-03    2.9376E-03    2.9556E-03    2.9619E-03    2.9360E-03
2.4329E+00    2.9296E-03    2.9280E-03    2.9451E-03    2.9515E-03    2.9339E-03
2.4427E+00    2.9292E-03    2.9274E-03    2.9431E-03    2.9486E-03    2.9376E-03
2.4524E+00    2.9247E-03    2.9230E-03    2.9374E-03    2.9425E-03    2.9381E-03
2.4622E+00    2.9148E-03    2.9133E-03    2.9265E-03    2.9316E-03    2.9387E-03
2.4721E+00    2.9170E-03    2.9153E-03    2.9285E-03    2.9338E-03    2.9423E-03
2.4820E+00    2.9123E-03    2.9106E-03    2.9221E-03    2.9271E-03    2.9438E-03
2.4919E+00    2.9136E-03    2.9117E-03    2.9226E-03    2.9273E-03    2.9430E-03
2.5019E+00    2.9140E-03    2.9124E-03    2.9245E-03    2.9295E-03    2.9390E-03
2.5119E+00    2.9165E-03    2.9148E-03    2.9270E-03    2.9319E-03    2.9379E-03
2.5219E+00    2.9210E-03    2.9192E-03    2.9326E-03    2.9381E-03    2.9443E-03
2.5320E+00    2.9176E-03    2.9155E-03    2.9255E-03    2.9298E-03    2.9454E-03
2.5421E+00    2.9234E-03    2.9213E-03    2.9331E-03    2.9378E-03    2.9459E-03
2.5523E+00    2.9249E-03    2.9228E-03    2.9353E-03    2.9403E-03    2.9438E-03
2.5625E+00    2.9374E-03    2.9351E-03    2.9497E-03    2.9541E-03    2.9439E-03
2.5727E+00    2.9321E-03    2.9298E-03    2.9424E-03    2.9466E-03    2.9443E-03
2.5830E+00    2.9320E-03    2.9294E-03    2.9409E-03    2.9444E-03    2.9435E-03
2.5934E+00    2.9333E-03    2.9307E-03    2.9427E-03    2.9467E-03    2.9394E-03
2.6037E+00    2.9257E-03    2.9232E-03    2.9323E-03    2.9353E-03    2.9358E-03
2.6141E+00    2.9320E-03    2.9293E-03    2.9393E-03    2.9416E-03    2.9349E-03
2.6246E+00    2.9246E-03    2.9221E-03    2.9310E-03    2.9337E-03    2.9354E-03
2.6351E+00    2.9257E-03    2.9234E-03    2.9333E-03    2.9356E-03    2.9348E-03
2.6456E+00    2.9199E-03    2.9175E-03    2.9244E-03    2.9260E-03    2.9331E-03
2.6562E+00    2.9215E-03    2.9190E-03    2.9259E-03    2.9275E-03    2.9351E-03
2.6668E+00    2.9393E-03    2.9360E-03    2.9441E-03    2.9451E-03    2.9372E-03
2.6775E+00    2.9599E-03    2.9556E-03    2.9634E-03    2.9643E-03    2.9378E-03
2.6882E+00    2.9626E-03    2.9581E-03    2.9652E-03    2.9658E-03    2.9370E-03
2.6989E+00    2.9616E-03    2.9571E-03    2.9643E-03    2.9648E-03    2.9386E-03
2.7097E+00    2.9510E-03    2.9469E-03    2.9529E-03    2.9536E-03    2.9430E-03
2.7206E+00    2.9348E-03    2.9315E-03    2.9378E-03    2.9388E-03    2.9433E-03
2.7315E+00    2.9183E-03    2.9156E-03    2.9203E-03    2.9212E-03    2.9411E-03
2.7424E+00    2.9341E-03    2.9309E-03    2.9364E-03    2.9368E-03    2.9401E-03
2.7533E+00    2.9505E-03    2.9464E-03    2.9524E-03    2.9530E-03    2.9376E-03
2.7643E+00    2.9540E-03    2.9498E-03    2.9560E-03    2.9565E-03    2.9360E-03
2.7754E+00    2.9558E-03    2.9515E-03    2.9582E-03    2.9587E-03    2.9313E-03
2.7865E+00    2.9490E-03    2.9451E-03    2.9512E-03    2.9517E-03    2.9272E-03
2.7976E+00    2.9417E-03    2.9379E-03    2.9433E-03    2.9438E-03    2.9265E-03
2.8088E+00    2.9310E-03    2.9278E-03    2.9337E-03    2.9341E-03    2.9268E-03
2.8201E+00    2.9269E-03    2.9240E-03    2.9296E-03    2.9299E-03    2.9249E-03
2.8313E+00    2.9216E-03    2.9188E-03    2.9235E-03    2.9238E-03    2.9189E-03
2.8427E+00    2.9181E-03    2.9155E-03    2.9201E-03    2.9203E-03    2.9133E-03
2.8540E+00    2.9121E-03    2.9097E-03    2.9138E-03    2.9138E-03    2.9115E-03
2.8654E+00    2.9085E-03    2.9063E-03    2.9101E-03    2.9101E-03    2.9122E-03
2.8769E+00    2.9107E-03    2.9084E-03    2.9125E-03    2.9125E-03    2.9155E-03
2.8884E+00    2.9102E-03    2.9079E-03    2.9121E-03    2.9120E-03    2.9183E-03
2.8999E+00    2.9064E-03    2.9042E-03    2.9078E-03    2.9078E-03    2.9237E-03
2.9115E+00    2.9062E-03    2.9040E-03    2.9077E-03    2.9077E-03    2.9259E-03
2.9232E+00    2.9044E-03    2.9023E-03    2.9058E-03    2.9058E-03    2.9278E-03
2.9349E+00    2.9026E-03    2.9006E-03    2.9040E-03    2.9039E-03    2.9297E-03
2.9466E+00    2.9046E-03    2.9025E-03    2.9060E-03    2.9060E-03    2.9289E-03
2.9584E+00    2.9054E-03    2.9032E-03    2.9068E-03    2.9069E-03    2.9304E-03
2.9702E+00    2.9089E-03    2.9066E-03    2.9106E-03    2.9108E-03    2.9309E-03
2.9821E+00    2.9078E-03    2.9056E-03    2.9095E-03    2.9101E-03    2.9325E-03
2.9940E+00    2.9023E-03    2.9004E-03    2.9049E-03    2.9060E-03    2.9351E-03
3.0060E+00    2.9053E-03    2.9032E-03    2.9080E-03    2.9092E-03    2.9367E-03
3.0180E+00    2.9111E-03    2.9090E-03    2.9139E-03    2.9149E-03    2.9382E-03
3.0301E+00    2.9039E-03    2.9019E-03    2.9066E-03    2.9084E-03    2.9388E-03
3.0422E+00    2.9068E-03    2.9047E-03    2.9105E-03    2.9133E-03    2.9430E-03
3.0544E+00    2.9107E-03    2.9087E-03    2.9162E-03    2.9199E-03    2.9466E-03
3.0666E+00    2.9070E-03    2.9050E-03    2.9119E-03    2.9154E-03    2.9455E-03
3.0788E+00    2.9054E-03    2.9035E-03    2.9102E-03    2.9134E-03    2.9447E-03
3.0912E+00    2.9098E-03    2.9079E-03    2.9148E-03    2.9171E-03    2.9442E-03
3.1035E+00    2.9125E-03    2.9105E-03    2.9191E-03    2.9219E-03    2.9431E-03
3.1159E+00    2.9071E-03    2.9053E-03    2.9165E-03    2.9203E-03    2.9439E-03
3.1284E+00    2.9167E-03    2.9149E-03    2.9278E-03    2.9330E-03    2.9441E-03
3.1409E+00    2.9121E-03    2.9103E-03    2.9263E-03    2.9322E-03    2.9472E-03
3.1535E+00    2.9205E-03    2.9189E-03    2.9404E-03    2.9479E-03    2.9513E-03
3.1661E+00    2.9203E-03    2.9188E-03    2.9394E-03    2.9468E-03    2.9533E-03
3.1787E+00    2.9243E-03    2.9224E-03    2.9439E-03    2.9508E-03    2.9542E-03
3.1914E+00    2.9299E-03    2.9279E-03    2.9528E-03    2.9601E-03    2.9539E-03
3.2042E+00    2.9359E-03    2.9337E-03    2.9604E-03    2.9672E-03    2.9536E-03
3.2170E+00    2.9458E-03    2.9434E-03    2.9649E-03    2.9710E-03    2.9543E-03
3.2299E+00    2.9391E-03    2.9369E-03    2.9606E-03    2.9670E-03    2.9540E-03
3.2428E+00    2.9494E-03    2.9470E-03    2.9712E-03    2.9776E-03    2.9576E-03
3.2558E+00    2.9512E-03    2.9487E-03    2.9777E-03    2.9840E-03    2.9602E-03
3.2688E+00    2.9399E-03    2.9377E-03    2.9565E-03    2.9618E-03    2.9593E-03
3.2818E+00    2.9346E-03    2.9326E-03    2.9498E-03    2.9554E-03    2.9604E-03
3.2950E+00    2.9399E-03    2.9378E-03    2.9584E-03    2.9649E-03    2.9629E-03
3.3081E+00    2.9528E-03    2.9501E-03    2.9696E-03    2.9755E-03    2.9661E-03
3.3214E+00    2.9661E-03    2.9634E-03    2.9903E-03    2.9979E-03    2.9692E-03
3.3347E+00    2.9483E-03    2.9463E-03    2.9736E-03    2.9822E-03    2.9698E-03
3.3480E+00    2.9435E-03    2.9417E-03    2.9693E-03    2.9778E-03    2.9705E-03
3.3614E+00    2.9543E-03    2.9523E-03    2.9788E-03    2.9863E-03    2.9714E-03
3.3748E+00    2.9428E-03    2.9405E-03    2.9673E-03    2.9757E-03    2.9712E-03
3.3883E+00    2.9458E-03    2.9435E-03    2.9684E-03    2.9771E-03    2.9715E-03
3.4019E+00    2.9381E-03    2.9360E-03    2.9631E-03    2.9736E-03    2.9724E-03
3.4155E+00    2.9399E-03    2.9379E-03    2.9642E-03    2.9744E-03    2.9722E-03
3.4291E+00    2.9370E-03    2.9350E-03    2.9610E-03    2.9711E-03    2.9708E-03
3.4428E+00    2.9407E-03    2.9386E-03    2.9613E-03    2.9703E-03    2.9673E-03
3.4566E+00    2.9369E-03    2.9351E-03    2.9568E-03    2.9655E-03    2.9655E-03
3.4704E+00    2.9462E-03    2.9439E-03    2.9648E-03    2.9725E-03    2.9664E-03
3.4843E+00    2.9429E-03    2.9405E-03    2.9615E-03    2.9695E-03    2.9668E-03
3.4982E+00    2.9329E-03    2.9310E-03    2.9539E-03    2.9631E-03    2.9671E-03
3.5122E+00    2.9283E-03    2.9269E-03    2.9510E-03    2.9609E-03    2.9659E-03
3.5263E+00    2.9336E-03    2.9317E-03    2.9531E-03    2.9621E-03    2.9650E-03
3.5404E+00    2.9402E-03    2.9380E-03    2.9551E-03    2.9612E-03    2.9603E-03
3.5545E+00    2.9290E-03    2.9271E-03    2.9427E-03    2.9485E-03    2.9534E-03
3.5687E+00    2.9424E-03    2.9401E-03    2.9573E-03    2.9627E-03    2.9510E-03
3.5830E+00    2.9380E-03    2.9359E-03    2.9524E-03    2.9579E-03    2.9473E-03
3.5973E+00    2.9403E-03    2.9382E-03    2.9563E-03    2.9624E-03    2.9458E-03
3.6117E+00    2.9301E-03    2.9283E-03    2.9438E-03    2.9491E-03    2.9455E-03
3.6262E+00    2.9262E-03    2.9244E-03    2.9395E-03    2.9449E-03    2.9444E-03
3.6407E+00    2.9255E-03    2.9237E-03    2.9379E-03    2.9428E-03    2.9459E-03
3.6552E+00    2.9237E-03    2.9222E-03    2.9377E-03    2.9432E-03    2.9438E-03
3.6698E+00    2.9191E-03    2.9176E-03    2.9310E-03    2.9356E-03    2.9416E-03
3.6845E+00    2.9297E-03    2.9279E-03    2.9430E-03    2.9480E-03    2.9417E-03
3.6992E+00    2.9150E-03    2.9137E-03    2.9272E-03    2.9320E-03    2.9389E-03
3.7140E+00    2.9209E-03    2.9193E-03    2.9330E-03    2.9375E-03    2.9385E-03
3.7289E+00    2.9201E-03    2.9185E-03    2.9318E-03    2.9362E-03    2.9393E-03
3.7438E+00    2.9231E-03    2.9215E-03    2.9360E-03    2.9407E-03    2.9421E-03
3.7588E+00    2.9173E-03    2.9160E-03    2.9305E-03    2.9355E-03    2.9426E-03
3.7738E+00    2.9220E-03    2.9205E-03    2.9355E-03    2.9407E-03    2.9442E-03
3.7889E+00    2.9235E-03    2.9219E-03    2.9366E-03    2.9416E-03    2.9461E-03
3.8040E+00    2.9186E-03    2.9173E-03    2.9315E-03    2.9364E-03    2.9475E-03
3.8192E+00    2.9125E-03    2.9113E-03    2.9247E-03    2.9294E-03    2.9495E-03
3.8345E+00    2.9161E-03    2.9150E-03    2.9298E-03    2.9349E-03    2.9487E-03
3.8498E+00    2.9233E-03    2.9218E-03    2.9360E-03    2.9406E-03    2.9474E-03
3.8652E+00    2.9182E-03    2.9169E-03    2.9312E-03    2.9360E-03    2.9477E-03
3.8807E+00    2.9106E-03    2.9095E-03    2.9224E-03    2.9269E-03    2.9445E-03
3.8962E+00    2.9145E-03    2.9133E-03    2.9271E-03    2.9316E-03    2.9424E-03
3.9118E+00    2.9123E-03    2.9111E-03    2.9246E-03    2.9293E-03    2.9383E-03
3.9274E+00    2.9090E-03    2.9079E-03    2.9209E-03    2.9253E-03    2.9374E-03
3.9431E+00    2.9075E-03    2.9065E-03    2.9193E-03    2.9237E-03    2.9366E-03
3.9589E+00    2.9092E-03    2.9082E-03    2.9220E-03    2.9268E-03    2.9345E-03
3.9747E+00    2.9105E-03    2.9095E-03    2.9224E-03    2.9268E-03    2.9327E-03
3.9906E+00    2.8988E-03    2.8981E-03    2.9101E-03    2.9144E-03    2.9314E-03
4.0066E+00    2.9051E-03    2.9043E-03    2.9170E-03    2.9217E-03    2.9320E-03
4.0226E+00    2.8956E-03    2.8951E-03    2.9076E-03    2.9129E-03    2.9355E-03
4.0387E+00    2.9055E-03    2.9046E-03    2.9181E-03    2.9233E-03    2.9373E-03
4.0548E+00    2.8990E-03    2.8984E-03    2.9120E-03    2.9180E-03    2.9379E-03
4.0711E+00    2.8967E-03    2.8961E-03    2.9095E-03    2.9153E-03    2.9367E-03
4.0873E+00    2.8959E-03    2.8950E-03    2.9066E-03    2.9117E-03    2.9337E-03
4.1037E+00    2.8934E-03    2.8926E-03    2.9037E-03    2.9085E-03    2.9326E-03
4.1201E+00    2.8970E-03    2.8961E-03    2.9076E-03    2.9123E-03    2.9348E-03
4.1366E+00    2.8866E-03    2.8860E-03    2.8976E-03    2.9038E-03    2.9384E-03
4.1531E+00    2.8994E-03    2.8983E-03    2.9087E-03    2.9136E-03    2.9404E-03
4.1697E+00    2.9150E-03    2.9124E-03    2.9171E-03    2.9190E-03    2.9437E-03
4.1864E+00    2.9381E-03    2.9346E-03    2.9402E-03    2.9412E-03    2.9454E-03
4.2031E+00    2.9650E-03    2.9603E-03    2.9671E-03    2.9677E-03    2.9477E-03
4.2199E+00    2.9813E-03    2.9759E-03    2.9839E-03    2.9845E-03    2.9465E-03
4.2368E+00    2.9884E-03    2.9828E-03    2.9912E-03    2.9917E-03    2.9460E-03
4.2537E+00    2.9838E-03    2.9784E-03    2.9865E-03    2.9870E-03    2.9456E-03
4.2708E+00    2.9889E-03    2.9833E-03    2.9916E-03    2.9920E-03    2.9463E-03
4.2878E+00    2.9956E-03    2.9898E-03    2.9984E-03    2.9987E-03    2.9469E-03
4.3050E+00    2.9775E-03    2.9723E-03    2.9801E-03    2.9807E-03    2.9405E-03
4.3222E+00    2.9651E-03    2.9603E-03    2.9672E-03    2.9678E-03    2.9383E-03
4.3395E+00    2.9633E-03    2.9588E-03    2.9654E-03    2.9659E-03    2.9424E-03
4.3568E+00    2.9402E-03    2.9365E-03    2.9419E-03    2.9425E-03    2.9378E-03
4.3743E+00    2.9267E-03    2.9236E-03    2.9286E-03    2.9297E-03    2.9393E-03
4.3917E+00    2.9180E-03    2.9153E-03    2.9202E-03    2.9217E-03    2.9421E-03
4.4093E+00    2.9054E-03    2.9033E-03    2.9074E-03    2.9093E-03    2.9444E-03
4.4269E+00    2.9001E-03    2.8984E-03    2.9036E-03    2.9073E-03    2.9460E-03
4.4446E+00    2.9000E-03    2.8989E-03    2.9045E-03    2.9081E-03    2.9444E-03
4.4624E+00    2.9088E-03    2.9077E-03    2.9109E-03    2.9116E-03    2.9428E-03
4.4803E+00    2.9197E-03    2.9183E-03    2.9210E-03    2.9198E-03    2.9422E-03
4.4982E+00    2.9282E-03    2.9266E-03    2.9298E-03    2.9280E-03    2.9408E-03
4.5162E+00    2.9415E-03    2.9395E-03    2.9428E-03    2.9402E-03    2.9387E-03
4.5342E+00    2.9466E-03    2.9444E-03    2.9480E-03    2.9450E-03    2.9374E-03
4.5523E+00    2.9537E-03    2.9513E-03    2.9560E-03    2.9539E-03    2.9369E-03
4.5705E+00    2.9571E-03    2.9545E-03    2.9589E-03    2.9559E-03    2.9338E-03
4.5888E+00    2.9663E-03    2.9634E-03    2.9684E-03    2.9657E-03    2.9343E-03
4.6072E+00    2.9621E-03    2.9592E-03    2.9635E-03    2.9602E-03    2.9293E-03
4.6256E+00    2.9651E-03    2.9622E-03    2.9669E-03    2.9639E-03    2.9296E-03
4.6441E+00    2.9592E-03    2.9564E-03    2.9606E-03    2.9573E-03    2.9301E-03
4.6627E+00    2.9472E-03    2.9449E-03    2.9482E-03    2.9449E-03    2.9324E-03
4.6813E+00    2.9568E-03    2.9541E-03    2.9582E-03    2.9550E-03    2.9348E-03
4.7000E+00    2.9619E-03    2.9590E-03    2.9634E-03    2.9602E-03    2.9353E-03
4.7188E+00    2.9609E-03    2.9581E-03    2.9623E-03    2.9590E-03    2.9348E-03
4.7377E+00    2.9591E-03    2.9564E-03    2.9604E-03    2.9570E-03    2.9313E-03
4.7566E+00    2.9622E-03    2.9595E-03    2.9638E-03    2.9607E-03    2.9345E-03
4.7757E+00    2.9537E-03    2.9512E-03    2.9553E-03    2.9524E-03    2.9342E-03
4.7948E+00    2.9488E-03    2.9465E-03    2.9502E-03    2.9472E-03    2.9326E-03
4.8139E+00    2.9435E-03    2.9420E-03    2.9509E-03    2.9502E-03    2.9352E-03
4.8332E+00    2.9369E-03    2.9354E-03    2.9449E-03    2.9457E-03    2.9370E-03
4.8525E+00    2.9375E-03    2.9355E-03    2.9412E-03    2.9410E-03    2.9366E-03
4.8719E+00    2.9341E-03    2.9327E-03    2.9405E-03    2.9412E-03    2.9404E-03
4.8914E+00    2.9245E-03    2.9230E-03    2.9301E-03    2.9316E-03    2.9391E-03
4.9109E+00    2.9156E-03    2.9144E-03    2.9195E-03    2.9200E-03    2.9378E-03
4.9306E+00    2.9083E-03    2.9073E-03    2.9151E-03    2.9174E-03    2.9391E-03
4.9503E+00    2.9078E-03    2.9062E-03    2.9147E-03    2.9183E-03    2.9439E-03
4.9701E+00    2.9047E-03    2.9032E-03    2.9094E-03    2.9123E-03    2.9435E-03
4.9900E+00    2.8979E-03    2.8963E-03    2.9018E-03    2.9053E-03    2.9441E-03
5.0099E+00    2.9048E-03    2.9027E-03    2.9082E-03    2.9108E-03    2.9434E-03
5.0300E+00    2.9066E-03    2.9045E-03    2.9099E-03    2.9116E-03    2.9409E-03
5.0501E+00    2.8967E-03    2.8950E-03    2.8990E-03    2.9003E-03    2.9355E-03
5.0703E+00    2.8999E-03    2.8980E-03    2.9022E-03    2.9031E-03    2.9290E-03
5.0905E+00    2.9064E-03    2.9042E-03    2.9095E-03    2.9102E-03    2.9222E-03
5.1109E+00    2.9059E-03    2.9037E-03    2.9082E-03    2.9090E-03    2.9190E-03
5.1313E+00    2.9050E-03    2.9029E-03    2.9068E-03    2.9071E-03    2.9180E-03
5.1518E+00    2.9090E-03    2.9068E-03    2.9122E-03    2.9130E-03    2.9187E-03
5.1724E+00    2.9147E-03    2.9122E-03    2.9191E-03    2.9212E-03    2.9238E-03
5.1931E+00    2.9093E-03    2.9069E-03    2.9181E-03    2.9209E-03    2.9256E-03
5.2139E+00    2.9161E-03    2.9135E-03    2.9254E-03    2.9280E-03    2.9252E-03
5.2347E+00    2.9124E-03    2.9100E-03    2.9186E-03    2.9208E-03    2.9233E-03
5.2557E+00    2.9090E-03    2.9068E-03    2.9167E-03    2.9188E-03    2.9247E-03
5.2767E+00    2.9100E-03    2.9078E-03    2.9191E-03    2.9214E-03    2.9248E-03
5.2978E+00    2.9119E-03    2.9096E-03    2.9239E-03    2.9280E-03    2.9244E-03
5.3190E+00    2.9041E-03    2.9021E-03    2.9090E-03    2.9110E-03    2.9226E-03
5.3402E+00    2.9115E-03    2.9092E-03    2.9179E-03    2.9198E-03    2.9219E-03
5.3616E+00    2.9119E-03    2.9095E-03    2.9165E-03    2.9181E-03    2.9195E-03
5.3830E+00    2.9068E-03    2.9047E-03    2.9130E-03    2.9150E-03    2.9216E-03
5.4046E+00    2.9096E-03    2.9073E-03    2.9176E-03    2.9196E-03    2.9229E-03
5.4262E+00    2.9171E-03    2.9145E-03    2.9200E-03    2.9205E-03    2.9190E-03
5.4479E+00    2.9106E-03    2.9083E-03    2.9130E-03    2.9135E-03    2.9191E-03
5.4697E+00    2.9177E-03    2.9151E-03    2.9199E-03    2.9201E-03    2.9196E-03
5.4915E+00    2.9087E-03    2.9065E-03    2.9108E-03    2.9111E-03    2.9196E-03
5.5135E+00    2.9101E-03    2.9078E-03    2.9120E-03    2.9122E-03    2.9205E-03
5.5355E+00    2.9110E-03    2.9087E-03    2.9129E-03    2.9132E-03    2.9240E-03
5.5577E+00    2.9173E-03    2.9147E-03    2.9191E-03    2.9191E-03    2.9273E-03
5.5799E+00    2.9181E-03    2.9154E-03    2.9202E-03    2.9204E-03    2.9292E-03
5.6022E+00    2.9133E-03    2.9108E-03    2.9158E-03    2.9165E-03    2.9302E-03
5.6246E+00    2.9160E-03    2.9134E-03    2.9181E-03    2.9185E-03    2.9315E-03
5.6471E+00    2.9254E-03    2.9226E-03    2.9292E-03    2.9299E-03    2.9341E-03
5.6697E+00    2.9152E-03    2.9127E-03    2.9179E-03    2.9188E-03    2.9355E-03
5.6923E+00    2.9142E-03    2.9117E-03    2.9166E-03    2.9175E-03    2.9362E-03
5.7151E+00    2.9222E-03    2.9195E-03    2.9253E-03    2.9260E-03    2.9371E-03
5.7380E+00    2.9210E-03    2.9183E-03    2.9239E-03    2.9245E-03    2.9384E-03
5.7609E+00    2.9219E-03    2.9191E-03    2.9243E-03    2.9249E-03    2.9386E-03
5.7839E+00    2.9160E-03    2.9135E-03    2.9192E-03    2.9203E-03    2.9387E-03
5.8071E+00    2.9160E-03    2.9134E-03    2.9191E-03    2.9206E-03    2.9378E-03
5.8303E+00    2.9234E-03    2.9206E-03    2.9277E-03    2.9296E-03    2.9384E-03
5.8536E+00    2.9193E-03    2.9166E-03    2.9221E-03    2.9232E-03    2.9387E-03
5.8770E+00    2.9292E-03    2.9262E-03    2.9330E-03    2.9339E-03    2.9377E-03
5.9005E+00    2.9228E-03    2.9201E-03    2.9263E-03    2.9274E-03    2.9359E-03
5.9241E+00    2.9220E-03    2.9193E-03    2.9254E-03    2.9264E-03    2.9352E-03
5.9478E+00    2.9230E-03    2.9204E-03    2.9272E-03    2.9286E-03    2.9355E-03
5.9716E+00    2.9228E-03    2.9201E-03    2.9256E-03    2.9260E-03    2.9365E-03
5.9955E+00    2.9223E-03    2.9198E-03    2.9270E-03    2.9288E-03    2.9379E-03
6.0194E+00    2.9204E-03    2.9178E-03    2.9239E-03    2.9250E-03    2.9393E-03
6.0435E+00    2.9311E-03    2.9282E-03    2.9367E-03    2.9385E-03    2.9414E-03
6.0677E+00    2.9252E-03    2.9223E-03    2.9280E-03    2.9288E-03    2.9419E-03
6.0919E+00    2.9203E-03    2.9179E-03    2.9257E-03    2.9284E-03    2.9439E-03
6.1163E+00    2.9300E-03    2.9271E-03    2.9356E-03    2.9377E-03    2.9465E-03
6.1407E+00    2.9204E-03    2.9179E-03    2.9254E-03    2.9282E-03    2.9470E-03
6.1653E+00    2.9226E-03    2.9200E-03    2.9280E-03    2.9309E-03    2.9478E-03
6.1899E+00    2.9229E-03    2.9203E-03    2.9276E-03    2.9305E-03    2.9493E-03
6.2147E+00    2.9224E-03    2.9200E-03    2.9303E-03    2.9345E-03    2.9504E-03
6.2395E+00    2.9168E-03    2.9150E-03    2.9292E-03    2.9343E-03    2.9504E-03
6.2645E+00    2.9151E-03    2.9131E-03    2.9254E-03    2.9303E-03    2.9507E-03
6.2895E+00    2.9196E-03    2.9182E-03    2.9369E-03    2.9420E-03    2.9508E-03
6.3147E+00    2.9135E-03    2.9117E-03    2.9264E-03    2.9314E-03    2.9508E-03
6.3399E+00    2.9255E-03    2.9232E-03    2.9380E-03    2.9421E-03    2.9511E-03
6.3653E+00    2.9254E-03    2.9234E-03    2.9405E-03    2.9442E-03    2.9512E-03
6.3908E+00    2.9270E-03    2.9254E-03    2.9461E-03    2.9509E-03    2.9516E-03
6.4163E+00    2.9324E-03    2.9300E-03    2.9460E-03    2.9494E-03    2.9515E-03
6.4420E+00    2.9331E-03    2.9314E-03    2.9522E-03    2.9564E-03    2.9528E-03
6.4677E+00    2.9389E-03    2.9377E-03    2.9663E-03    2.9719E-03    2.9555E-03
6.4936E+00    2.9446E-03    2.9426E-03    2.9672E-03    2.9729E-03    2.9542E-03
6.5196E+00    2.9426E-03    2.9417E-03    2.9748E-03    2.9811E-03    2.9562E-03
6.5456E+00    2.9357E-03    2.9354E-03    2.9702E-03    2.9766E-03    2.9560E-03
6.5718E+00    2.9392E-03    2.9382E-03    2.9686E-03    2.9742E-03    2.9560E-03
6.5981E+00    2.9401E-03    2.9397E-03    2.9745E-03    2.9809E-03    2.9569E-03
6.6245E+00    2.9448E-03    2.9440E-03    2.9764E-03    2.9819E-03    2.9570E-03
6.6509E+00    2.9409E-03    2.9402E-03    2.9722E-03    2.9776E-03    2.9565E-03
6.6775E+00    2.9496E-03    2.9494E-03    2.9854E-03    2.9908E-03    2.9590E-03
6.7042E+00    2.9449E-03    2.9444E-03    2.9777E-03    2.9830E-03    2.9596E-03
6.7311E+00    2.9530E-03    2.9529E-03    2.9907E-03    2.9963E-03    2.9612E-03
6.7580E+00    2.9473E-03    2.9472E-03    2.9818E-03    2.9870E-03    2.9624E-03
6.7850E+00    2.9550E-03    2.9545E-03    2.9926E-03    2.9986E-03    2.9644E-03
6.8121E+00    2.9493E-03    2.9492E-03    2.9867E-03    2.9928E-03    2.9659E-03
6.8394E+00    2.9538E-03    2.9536E-03    2.9917E-03    2.9981E-03    2.9671E-03
6.8667E+00    2.9523E-03    2.9517E-03    2.9877E-03    2.9940E-03    2.9678E-03
6.8942E+00    2.9414E-03    2.9411E-03    2.9778E-03    2.9852E-03    2.9675E-03
6.9217E+00    2.9436E-03    2.9437E-03    2.9814E-03    2.9885E-03    2.9686E-03
6.9494E+00    2.9411E-03    2.9409E-03    2.9792E-03    2.9870E-03    2.9694E-03
6.9772E+00    2.9363E-03    2.9362E-03    2.9730E-03    2.9809E-03    2.9684E-03
7.0051E+00    2.9374E-03    2.9370E-03    2.9732E-03    2.9811E-03    2.9681E-03
7.0331E+00    2.9366E-03    2.9356E-03    2.9726E-03    2.9806E-03    2.9672E-03
7.0612E+00    2.9381E-03    2.9379E-03    2.9733E-03    2.9804E-03    2.9658E-03
7.0895E+00    2.9350E-03    2.9347E-03    2.9705E-03    2.9775E-03    2.9648E-03
7.1178E+00    2.9335E-03    2.9334E-03    2.9683E-03    2.9752E-03    2.9622E-03
7.1463E+00    2.9358E-03    2.9354E-03    2.9687E-03    2.9746E-03    2.9595E-03
7.1749E+00    2.9340E-03    2.9334E-03    2.9634E-03    2.9689E-03    2.9573E-03
7.2035E+00    2.9310E-03    2.9297E-03    2.9537E-03    2.9586E-03    2.9558E-03
7.2323E+00    2.9247E-03    2.9243E-03    2.9431E-03    2.9477E-03    2.9533E-03
7.2613E+00    2.9406E-03    2.9420E-03    2.9725E-03    2.9780E-03    2.9532E-03
7.2903E+00    2.9328E-03    2.9340E-03    2.9568E-03    2.9620E-03    2.9521E-03
7.3195E+00    2.9391E-03    2.9375E-03    2.9581E-03    2.9630E-03    2.9529E-03
7.3487E+00    2.9400E-03    2.9390E-03    2.9578E-03    2.9627E-03    2.9540E-03
7.3781E+00    2.9453E-03    2.9438E-03    2.9629E-03    2.9684E-03    2.9575E-03
7.4076E+00    2.9448E-03    2.9433E-03    2.9589E-03    2.9636E-03    2.9599E-03
7.4372E+00    2.9519E-03    2.9501E-03    2.9670E-03    2.9719E-03    2.9605E-03
7.4670E+00    2.9510E-03    2.9487E-03    2.9647E-03    2.9692E-03    2.9606E-03
7.4968E+00    2.9473E-03    2.9449E-03    2.9606E-03    2.9655E-03    2.9616E-03
7.5268E+00    2.9428E-03    2.9403E-03    2.9563E-03    2.9618E-03    2.9619E-03
7.5569E+00    2.9380E-03    2.9356E-03    2.9512E-03    2.9568E-03    2.9629E-03
7.5871E+00    2.9349E-03    2.9328E-03    2.9487E-03    2.9545E-03    2.9641E-03
7.6175E+00    2.9336E-03    2.9315E-03    2.9484E-03    2.9550E-03    2.9642E-03
7.6479E+00    2.9520E-03    2.9492E-03    2.9659E-03    2.9711E-03    2.9641E-03
7.6785E+00    2.9674E-03    2.9640E-03    2.9819E-03    2.9869E-03    2.9637E-03
7.7092E+00    2.9556E-03    2.9529E-03    2.9709E-03    2.9764E-03    2.9624E-03
7.7400E+00    2.9436E-03    2.9411E-03    2.9574E-03    2.9628E-03    2.9585E-03
7.7710E+00    2.9432E-03    2.9406E-03    2.9556E-03    2.9602E-03    2.9546E-03
7.8021E+00    2.9439E-03    2.9414E-03    2.9561E-03    2.9605E-03    2.9518E-03
7.8333E+00    2.9437E-03    2.9411E-03    2.9561E-03    2.9607E-03    2.9498E-03
7.8646E+00    2.9434E-03    2.9409E-03    2.9558E-03    2.9601E-03    2.9503E-03
7.8960E+00    2.9424E-03    2.9399E-03    2.9543E-03    2.9586E-03    2.9477E-03
7.9276E+00    2.9493E-03    2.9465E-03    2.9617E-03    2.9660E-03    2.9476E-03
7.9593E+00    2.9344E-03    2.9322E-03    2.9462E-03    2.9506E-03    2.9454E-03
7.9911E+00    2.9337E-03    2.9316E-03    2.9460E-03    2.9506E-03    2.9444E-03
8.0231E+00    2.9377E-03    2.9353E-03    2.9492E-03    2.9535E-03    2.9441E-03
8.0552E+00    2.9327E-03    2.9305E-03    2.9445E-03    2.9489E-03    2.9439E-03
8.0874E+00    2.9301E-03    2.9282E-03    2.9419E-03    2.9463E-03    2.9434E-03
8.1197E+00    2.9253E-03    2.9234E-03    2.9367E-03    2.9412E-03    2.9426E-03
8.1522E+00    2.9220E-03    2.9202E-03    2.9328E-03    2.9370E-03    2.9420E-03
8.1848E+00    2.9288E-03    2.9268E-03    2.9402E-03    2.9444E-03    2.9410E-03
8.2175E+00    2.9171E-03    2.9155E-03    2.9271E-03    2.9310E-03    2.9410E-03
8.2504E+00    2.9219E-03    2.9201E-03    2.9322E-03    2.9362E-03    2.9417E-03
8.2834E+00    2.9061E-03    2.9049E-03    2.9161E-03    2.9203E-03    2.9406E-03
8.3165E+00    2.9171E-03    2.9155E-03    2.9270E-03    2.9308E-03    2.9401E-03
8.3497E+00    2.9104E-03    2.9089E-03    2.9192E-03    2.9229E-03    2.9403E-03
8.3831E+00    2.9087E-03    2.9073E-03    2.9180E-03    2.9217E-03    2.9401E-03
8.4166E+00    2.9068E-03    2.9053E-03    2.9143E-03    2.9175E-03    2.9404E-03
8.4503E+00    2.9090E-03    2.9076E-03    2.9185E-03    2.9225E-03    2.9409E-03
8.4841E+00    2.9028E-03    2.9017E-03    2.9120E-03    2.9163E-03    2.9409E-03
8.5180E+00    2.9033E-03    2.9019E-03    2.9098E-03    2.9130E-03    2.9420E-03
8.5521E+00    2.9058E-03    2.9047E-03    2.9156E-03    2.9197E-03    2.9427E-03
8.5863E+00    2.8998E-03    2.8987E-03    2.9069E-03    2.9108E-03    2.9433E-03
8.6206E+00    2.9031E-03    2.9025E-03    2.9136E-03    2.9185E-03    2.9445E-03
8.6551E+00    2.8941E-03    2.8932E-03    2.9027E-03    2.9076E-03    2.9452E-03
8.6897E+00    2.9058E-03    2.9043E-03    2.9137E-03    2.9177E-03    2.9461E-03
8.7244E+00    2.8909E-03    2.8902E-03    2.8988E-03    2.9038E-03    2.9468E-03
8.7593E+00    2.8920E-03    2.8913E-03    2.8999E-03    2.9048E-03    2.9477E-03
8.7943E+00    2.9011E-03    2.8999E-03    2.9086E-03    2.9128E-03    2.9485E-03
8.8295E+00    2.8910E-03    2.8901E-03    2.8984E-03    2.9035E-03    2.9493E-03
8.8648E+00    2.8893E-03    2.8883E-03    2.8969E-03    2.9025E-03    2.9503E-03
8.9003E+00    2.8935E-03    2.8924E-03    2.9013E-03    2.9062E-03    2.9504E-03
8.9358E+00    2.8942E-03    2.8929E-03    2.9019E-03    2.9069E-03    2.9518E-03
8.9716E+00    2.8877E-03    2.8865E-03    2.8951E-03    2.9008E-03    2.9532E-03
9.0075E+00    2.8933E-03    2.8918E-03    2.9002E-03    2.9050E-03    2.9529E-03
9.0435E+00    2.8954E-03    2.8942E-03    2.9039E-03    2.9088E-03    2.9554E-03
9.0796E+00    2.8930E-03    2.8914E-03    2.8997E-03    2.9043E-03    2.9567E-03
9.1159E+00    2.8896E-03    2.8880E-03    2.8994E-03    2.9052E-03    2.9569E-03
9.1524E+00    2.8951E-03    2.8935E-03    2.9048E-03    2.9098E-03    2.9585E-03
9.1890E+00    2.8964E-03    2.8948E-03    2.9053E-03    2.9107E-03    2.9593E-03
9.2257E+00    2.8972E-03    2.8954E-03    2.9039E-03    2.9090E-03    2.9589E-03
9.2626E+00    2.8982E-03    2.8964E-03    2.9066E-03    2.9128E-03    2.9587E-03
9.2997E+00    2.9002E-03    2.8983E-03    2.9089E-03    2.9159E-03    2.9586E-03
9.3368E+00    2.8984E-03    2.8968E-03    2.9121E-03    2.9200E-03    2.9584E-03
9.3742E+00    2.8963E-03    2.8949E-03    2.9109E-03    2.9210E-03    2.9601E-03
9.4117E+00    2.8951E-03    2.8939E-03    2.9192E-03    2.9303E-03    2.9608E-03
9.4493E+00    2.8975E-03    2.8964E-03    2.9270E-03    2.9376E-03    2.9627E-03
9.4871E+00    2.8974E-03    2.8963E-03    2.9202E-03    2.9324E-03    2.9619E-03
9.5250E+00    2.8994E-03    2.8985E-03    2.9304E-03    2.9426E-03    2.9628E-03
9.5631E+00    2.8948E-03    2.8949E-03    2.9326E-03    2.9451E-03    2.9638E-03
9.6014E+00    2.8949E-03    2.8956E-03    2.9383E-03    2.9511E-03    2.9643E-03
9.6397E+00    2.8937E-03    2.8945E-03    2.9317E-03    2.9440E-03    2.9636E-03
9.6783E+00    2.8927E-03    2.8930E-03    2.9285E-03    2.9407E-03    2.9625E-03
9.7170E+00    2.8939E-03    2.8939E-03    2.9381E-03    2.9501E-03    2.9632E-03
9.7558E+00    2.8903E-03    2.8916E-03    2.9313E-03    2.9437E-03    2.9632E-03
9.7949E+00    2.8892E-03    2.8910E-03    2.9325E-03    2.9448E-03    2.9636E-03
9.8340E+00    2.8910E-03    2.8922E-03    2.9355E-03    2.9474E-03    2.9634E-03
9.8733E+00    2.8908E-03    2.8918E-03    2.9365E-03    2.9486E-03    2.9631E-03
9.9128E+00    2.8904E-03    2.8912E-03    2.9340E-03    2.9453E-03    2.9624E-03
9.9525E+00    2.8895E-03    2.8900E-03    2.9316E-03    2.9429E-03    2.9617E-03
9.9923E+00    2.8901E-03    2.8905E-03    2.9364E-03    2.9480E-03    2.9626E-03
1.0032E+01    2.8889E-03    2.8891E-03    2.9344E-03    2.9449E-03    2.9607E-03
1.0072E+01    2.8896E-03    2.8897E-03    2.9334E-03    2.9449E-03    2.9609E-03
1.0113E+01    2.8918E-03    2.8917E-03    2.9435E-03    2.9533E-03    2.9619E-03
1.0153E+01    2.8932E-03    2.8926E-03    2.9287E-03    2.9391E-03    2.9600E-03
1.0194E+01    2.8937E-03    2.8929E-03    2.9314E-03    2.9424E-03    2.9594E-03
1.0234E+01    2.8959E-03    2.8949E-03    2.9338E-03    2.9435E-03    2.9602E-03
1.0275E+01    2.8979E-03    2.8979E-03    2.9362E-03    2.9479E-03    2.9635E-03
1.0316E+01    2.8962E-03    2.8957E-03    2.9469E-03    2.9570E-03    2.9632E-03
1.0358E+01    2.8941E-03    2.8932E-03    2.9311E-03    2.9417E-03    2.9618E-03
1.0399E+01    2.8917E-03    2.8908E-03    2.9313E-03    2.9419E-03    2.9621E-03
1.0441E+01    2.8946E-03    2.8935E-03    2.9321E-03    2.9419E-03    2.9625E-03
1.0482E+01    2.8978E-03    2.8965E-03    2.9368E-03    2.9456E-03    2.9633E-03
1.0524E+01    2.8983E-03    2.8973E-03    2.9542E-03    2.9615E-03    2.9636E-03
1.0566E+01    2.8967E-03    2.8953E-03    2.9414E-03    2.9499E-03    2.9610E-03
1.0609E+01    2.8948E-03    2.8933E-03    2.9331E-03    2.9412E-03    2.9590E-03
1.0651E+01    2.8939E-03    2.8923E-03    2.9264E-03    2.9342E-03    2.9567E-03
1.0694E+01    2.8934E-03    2.8920E-03    2.9249E-03    2.9324E-03    2.9558E-03
1.0736E+01    2.8932E-03    2.8919E-03    2.9292E-03    2.9362E-03    2.9536E-03
1.0779E+01    2.8931E-03    2.8919E-03    2.9222E-03    2.9295E-03    2.9533E-03
1.0822E+01    2.8944E-03    2.8931E-03    2.9306E-03    2.9383E-03    2.9524E-03
1.0866E+01    2.8958E-03    2.8946E-03    2.9249E-03    2.9319E-03    2.9518E-03
1.0909E+01    2.8949E-03    2.8943E-03    2.9337E-03    2.9409E-03    2.9535E-03
1.0953E+01    2.8955E-03    2.8948E-03    2.9244E-03    2.9310E-03    2.9503E-03
1.0997E+01    2.8977E-03    2.8970E-03    2.9303E-03    2.9365E-03    2.9503E-03
1.1041E+01    2.8989E-03    2.8988E-03    2.9300E-03    2.9360E-03    2.9494E-03
1.1085E+01    2.9031E-03    2.9036E-03    2.9351E-03    2.9417E-03    2.9498E-03
1.1129E+01    2.9022E-03    2.9026E-03    2.9481E-03    2.9549E-03    2.9503E-03
1.1174E+01    2.9027E-03    2.9031E-03    2.9389E-03    2.9447E-03    2.9487E-03
1.1218E+01    2.9080E-03    2.9086E-03    2.9432E-03    2.9488E-03    2.9478E-03
1.1263E+01    2.9103E-03    2.9108E-03    2.9421E-03    2.9469E-03    2.9466E-03
1.1308E+01    2.9121E-03    2.9126E-03    2.9415E-03    2.9461E-03    2.9456E-03
1.1353E+01    2.9102E-03    2.9106E-03    2.9397E-03    2.9445E-03    2.9436E-03
1.1399E+01    2.9140E-03    2.9145E-03    2.9428E-03    2.9472E-03    2.9422E-03
1.1444E+01    2.9175E-03    2.9180E-03    2.9467E-03    2.9509E-03    2.9420E-03
1.1490E+01    2.9228E-03    2.9235E-03    2.9563E-03    2.9615E-03    2.9415E-03
1.1536E+01    2.9247E-03    2.9257E-03    2.9577E-03    2.9624E-03    2.9417E-03
1.1582E+01    2.9267E-03    2.9272E-03    2.9603E-03    2.9653E-03    2.9415E-03
1.1628E+01    2.9314E-03    2.9319E-03    2.9666E-03    2.9718E-03    2.9410E-03
1.1675E+01    2.9359E-03    2.9364E-03    2.9742E-03    2.9800E-03    2.9412E-03
1.1722E+01    2.9264E-03    2.9269E-03    2.9576E-03    2.9620E-03    2.9385E-03
1.1769E+01    2.9368E-03    2.9373E-03    2.9738E-03    2.9789E-03    2.9417E-03
1.1816E+01    2.9316E-03    2.9320E-03    2.9663E-03    2.9717E-03    2.9391E-03
1.1863E+01    2.9302E-03    2.9306E-03    2.9638E-03    2.9689E-03    2.9380E-03
1.1910E+01    2.9378E-03    2.9381E-03    2.9724E-03    2.9774E-03    2.9406E-03
1.1958E+01    2.9312E-03    2.9316E-03    2.9638E-03    2.9686E-03    2.9385E-03
1.2006E+01    2.9307E-03    2.9312E-03    2.9649E-03    2.9702E-03    2.9384E-03
1.2054E+01    2.9245E-03    2.9247E-03    2.9538E-03    2.9581E-03    2.9379E-03
1.2102E+01    2.9435E-03    2.9441E-03    2.9822E-03    2.9877E-03    2.9433E-03
1.2150E+01    2.9345E-03    2.9348E-03    2.9686E-03    2.9737E-03    2.9415E-03
1.2199E+01    2.9330E-03    2.9334E-03    2.9659E-03    2.9706E-03    2.9411E-03
1.2248E+01    2.9296E-03    2.9298E-03    2.9597E-03    2.9639E-03    2.9405E-03
1.2297E+01    2.9358E-03    2.9361E-03    2.9689E-03    2.9736E-03    2.9424E-03
1.2346E+01    2.9361E-03    2.9363E-03    2.9688E-03    2.9734E-03    2.9424E-03
1.2395E+01    2.9385E-03    2.9388E-03    2.9722E-03    2.9768E-03    2.9420E-03
1.2445E+01    2.9338E-03    2.9340E-03    2.9659E-03    2.9705E-03    2.9409E-03
1.2495E+01    2.9340E-03    2.9342E-03    2.9663E-03    2.9709E-03    2.9409E-03
1.2544E+01    2.9306E-03    2.9308E-03    2.9619E-03    2.9664E-03    2.9390E-03
1.2595E+01    2.9242E-03    2.9241E-03    2.9515E-03    2.9555E-03    2.9374E-03
1.2645E+01    2.9276E-03    2.9273E-03    2.9546E-03    2.9590E-03    2.9396E-03
1.2696E+01    2.9240E-03    2.9243E-03    2.9540E-03    2.9583E-03    2.9396E-03
1.2746E+01    2.9226E-03    2.9228E-03    2.9516E-03    2.9558E-03    2.9391E-03
1.2797E+01    2.9183E-03    2.9184E-03    2.9442E-03    2.9479E-03    2.9393E-03
1.2848E+01    2.9183E-03    2.9180E-03    2.9432E-03    2.9470E-03    2.9381E-03
1.2900E+01    2.9200E-03    2.9197E-03    2.9473E-03    2.9521E-03    2.9385E-03
1.2951E+01    2.9182E-03    2.9180E-03    2.9436E-03    2.9475E-03    2.9366E-03
1.3003E+01    2.9167E-03    2.9159E-03    2.9398E-03    2.9440E-03    2.9349E-03
1.3055E+01    2.9148E-03    2.9140E-03    2.9357E-03    2.9395E-03    2.9340E-03
1.3107E+01    2.9114E-03    2.9104E-03    2.9313E-03    2.9350E-03    2.9337E-03
1.3160E+01    2.9130E-03    2.9117E-03    2.9294E-03    2.9329E-03    2.9350E-03
1.3212E+01    2.9181E-03    2.9165E-03    2.9335E-03    2.9368E-03    2.9350E-03
1.3265E+01    2.9178E-03    2.9155E-03    2.9287E-03    2.9312E-03    2.9351E-03
1.3318E+01    2.9199E-03    2.9180E-03    2.9319E-03    2.9348E-03    2.9359E-03
1.3372E+01    2.9256E-03    2.9233E-03    2.9362E-03    2.9393E-03    2.9396E-03
1.3425E+01    2.9205E-03    2.9179E-03    2.9274E-03    2.9297E-03    2.9386E-03
1.3479E+01    2.9346E-03    2.9314E-03    2.9385E-03    2.9400E-03    2.9414E-03
1.3533E+01    2.9266E-03    2.9236E-03    2.9305E-03    2.9323E-03    2.9432E-03
1.3587E+01    2.9293E-03    2.9261E-03    2.9317E-03    2.9331E-03    2.9460E-03
1.3641E+01    2.9271E-03    2.9240E-03    2.9311E-03    2.9331E-03    2.9487E-03
1.3696E+01    2.9300E-03    2.9270E-03    2.9344E-03    2.9368E-03    2.9520E-03
1.3750E+01    2.9260E-03    2.9229E-03    2.9281E-03    2.9298E-03    2.9516E-03
1.3805E+01    2.9260E-03    2.9230E-03    2.9285E-03    2.9305E-03    2.9523E-03
1.3861E+01    2.9416E-03    2.9379E-03    2.9437E-03    2.9450E-03    2.9524E-03
1.3916E+01    2.9443E-03    2.9406E-03    2.9468E-03    2.9483E-03    2.9535E-03
1.3972E+01    2.9305E-03    2.9273E-03    2.9332E-03    2.9355E-03    2.9522E-03
1.4028E+01    2.9391E-03    2.9355E-03    2.9420E-03    2.9440E-03    2.9534E-03
1.4084E+01    2.9370E-03    2.9335E-03    2.9403E-03    2.9430E-03    2.9573E-03
1.4140E+01    2.9392E-03    2.9356E-03    2.9421E-03    2.9445E-03    2.9555E-03
1.4196E+01    2.9445E-03    2.9409E-03    2.9482E-03    2.9506E-03    2.9580E-03
1.4253E+01    2.9433E-03    2.9395E-03    2.9458E-03    2.9476E-03    2.9571E-03
1.4310E+01    2.9480E-03    2.9441E-03    2.9513E-03    2.9530E-03    2.9568E-03
1.4367E+01    2.9565E-03    2.9522E-03    2.9587E-03    2.9596E-03    2.9556E-03
1.4425E+01    2.9571E-03    2.9529E-03    2.9598E-03    2.9608E-03    2.9582E-03
1.4483E+01    2.9565E-03    2.9521E-03    2.9589E-03    2.9600E-03    2.9574E-03
1.4540E+01    2.9627E-03    2.9581E-03    2.9650E-03    2.9659E-03    2.9573E-03
1.4599E+01    2.9692E-03    2.9644E-03    2.9721E-03    2.9729E-03    2.9582E-03
1.4657E+01    2.9641E-03    2.9594E-03    2.9665E-03    2.9673E-03    2.9563E-03
1.4716E+01    2.9694E-03    2.9646E-03    2.9718E-03    2.9725E-03    2.9552E-03
1.4774E+01    2.9696E-03    2.9647E-03    2.9720E-03    2.9726E-03    2.9537E-03
1.4834E+01    2.9663E-03    2.9615E-03    2.9686E-03    2.9692E-03    2.9523E-03
1.4893E+01    2.9670E-03    2.9622E-03    2.9693E-03    2.9699E-03    2.9508E-03
1.4952E+01    2.9966E-03    2.9907E-03    2.9995E-03    3.0000E-03    2.9506E-03
1.5012E+01    2.9710E-03    2.9661E-03    2.9733E-03    2.9738E-03    2.9483E-03
1.5072E+01    2.9652E-03    2.9605E-03    2.9675E-03    2.9680E-03    2.9458E-03
1.5132E+01    2.9667E-03    2.9620E-03    2.9690E-03    2.9695E-03    2.9445E-03
1.5193E+01    2.9632E-03    2.9586E-03    2.9654E-03    2.9659E-03    2.9423E-03
1.5254E+01    2.9663E-03    2.9616E-03    2.9686E-03    2.9691E-03    2.9409E-03
1.5315E+01    2.9680E-03    2.9632E-03    2.9703E-03    2.9707E-03    2.9395E-03
1.5376E+01    2.9589E-03    2.9544E-03    2.9610E-03    2.9615E-03    2.9374E-03
1.5437E+01    2.9607E-03    2.9562E-03    2.9628E-03    2.9633E-03    2.9357E-03
1.5499E+01    2.9613E-03    2.9568E-03    2.9634E-03    2.9639E-03    2.9355E-03
1.5561E+01    2.9512E-03    2.9471E-03    2.9530E-03    2.9536E-03    2.9334E-03
1.5623E+01    2.9476E-03    2.9437E-03    2.9497E-03    2.9502E-03    2.9314E-03
1.5686E+01    2.9471E-03    2.9431E-03    2.9488E-03    2.9493E-03    2.9311E-03
1.5749E+01    2.9426E-03    2.9388E-03    2.9442E-03    2.9448E-03    2.9319E-03
1.5812E+01    2.9375E-03    2.9339E-03    2.9390E-03    2.9396E-03    2.9317E-03
1.5875E+01    2.9377E-03    2.9341E-03    2.9393E-03    2.9398E-03    2.9309E-03
1.5938E+01    2.9334E-03    2.9300E-03    2.9349E-03    2.9355E-03    2.9303E-03
1.6002E+01    2.9356E-03    2.9322E-03    2.9377E-03    2.9382E-03    2.9306E-03
1.6066E+01    2.9279E-03    2.9247E-03    2.9293E-03    2.9299E-03    2.9301E-03
1.6130E+01    2.9269E-03    2.9237E-03    2.9283E-03    2.9288E-03    2.9305E-03
1.6195E+01    2.9592E-03    2.9548E-03    2.9612E-03    2.9616E-03    2.9355E-03
1.6259E+01    2.9324E-03    2.9291E-03    2.9339E-03    2.9345E-03    2.9321E-03
1.6325E+01    2.9279E-03    2.9247E-03    2.9293E-03    2.9299E-03    2.9325E-03
1.6390E+01    2.9288E-03    2.9256E-03    2.9303E-03    2.9309E-03    2.9335E-03
1.6455E+01    2.9257E-03    2.9226E-03    2.9272E-03    2.9279E-03    2.9336E-03
1.6521E+01    2.9291E-03    2.9258E-03    2.9306E-03    2.9313E-03    2.9344E-03
1.6587E+01    2.9232E-03    2.9202E-03    2.9247E-03    2.9255E-03    2.9355E-03
1.6654E+01    2.9243E-03    2.9213E-03    2.9258E-03    2.9265E-03    2.9213E-03
1.6720E+01    2.9265E-03    2.9234E-03    2.9279E-03    2.9284E-03    2.8884E-03
1.6787E+01    2.9232E-03    2.9202E-03    2.9245E-03    2.9250E-03    2.8867E-03
1.6854E+01    2.9200E-03    2.9172E-03    2.9213E-03    2.9218E-03    2.8850E-03
1.6921E+01    2.9198E-03    2.9170E-03    2.9213E-03    2.9216E-03    2.8850E-03
1.6989E+01    2.9151E-03    2.9124E-03    2.9164E-03    2.9169E-03    2.8825E-03
1.7057E+01    2.9170E-03    2.9143E-03    2.9184E-03    2.9189E-03    2.8836E-03
1.7125E+01    2.9125E-03    2.9100E-03    2.9140E-03    2.9144E-03    2.8814E-03
1.7194E+01    2.9171E-03    2.9145E-03    2.9190E-03    2.9194E-03    2.8839E-03
1.7263E+01    2.9100E-03    2.9076E-03    2.9115E-03    2.9120E-03    2.8802E-03
1.7332E+01    2.9161E-03    2.9134E-03    2.9176E-03    2.9180E-03    2.8835E-03
1.7401E+01    2.9113E-03    2.9089E-03    2.9129E-03    2.9133E-03    2.8810E-03
1.7470E+01    2.9095E-03    2.9071E-03    2.9111E-03    2.9116E-03    2.8801E-03
1.7540E+01    2.9113E-03    2.9089E-03    2.9129E-03    2.9132E-03    2.8811E-03
1.7610E+01    2.9127E-03    2.9103E-03    2.9143E-03    2.9145E-03    2.8818E-03
1.7681E+01    2.9069E-03    2.9047E-03    2.9085E-03    2.9089E-03    2.8789E-03
1.7752E+01    2.9105E-03    2.9081E-03    2.9121E-03    2.9123E-03    2.8807E-03
1.7823E+01    2.9048E-03    2.9027E-03    2.9064E-03    2.9068E-03    2.8776E-03
1.7894E+01    2.9034E-03    2.9015E-03    2.9050E-03    2.9056E-03    2.8770E-03
1.7965E+01    2.9059E-03    2.9038E-03    2.9075E-03    2.9079E-03    2.8783E-03
1.8037E+01    2.9083E-03    2.9061E-03    2.9099E-03    2.9102E-03    2.8795E-03
1.8109E+01    2.9055E-03    2.9033E-03    2.9071E-03    2.9074E-03    2.8783E-03
1.8182E+01    2.9081E-03    2.9058E-03    2.9096E-03    2.9098E-03    2.8796E-03
1.8254E+01    2.9082E-03    2.9061E-03    2.9098E-03    2.9099E-03    2.8798E-03
1.8327E+01    2.9161E-03    2.9136E-03    2.9178E-03    2.9180E-03    2.8837E-03
1.8401E+01    2.9075E-03    2.9056E-03    2.9091E-03    2.9095E-03    2.8795E-03
1.8474E+01    2.9071E-03    2.9051E-03    2.9093E-03    2.9098E-03    2.8795E-03
1.8548E+01    2.9038E-03    2.9017E-03    2.9054E-03    2.9057E-03    2.8778E-03
1.8622E+01    2.9091E-03    2.9070E-03    2.9110E-03    2.9114E-03    2.8801E-03
1.8697E+01    2.9065E-03    2.9050E-03    2.9084E-03    2.9089E-03    2.8792E-03
1.8772E+01    2.9035E-03    2.9020E-03    2.9058E-03    2.9066E-03    2.8788E-03
1.8847E+01    2.9028E-03    2.9017E-03    2.9057E-03    2.9069E-03    2.8780E-03
1.8922E+01    2.9054E-03    2.9034E-03    2.9072E-03    2.9076E-03    2.8785E-03
1.8998E+01    2.9127E-03    2.9105E-03    2.9152E-03    2.9160E-03    2.8823E-03
1.9074E+01    2.9064E-03    2.9045E-03    2.9086E-03    2.9092E-03    2.8790E-03
1.9150E+01    2.9048E-03    2.9035E-03    2.9101E-03    2.9122E-03    2.8798E-03
1.9226E+01    2.9101E-03    2.9082E-03    2.9153E-03    2.9175E-03    2.8824E-03
1.9303E+01    2.9115E-03    2.9091E-03    2.9131E-03    2.9133E-03    2.8812E-03
1.9380E+01    2.9097E-03    2.9076E-03    2.9114E-03    2.9116E-03    2.8803E-03
1.9458E+01    2.9047E-03    2.9026E-03    2.9065E-03    2.9070E-03    2.8778E-03
1.9536E+01    2.9052E-03    2.9039E-03    2.9084E-03    2.9090E-03    2.8791E-03
1.9614E+01    2.9070E-03    2.9051E-03    2.9097E-03    2.9102E-03    2.8795E-03
1.9692E+01    2.9126E-03    2.9104E-03    2.9143E-03    2.9145E-03    2.8820E-03
1.9771E+01    2.9089E-03    2.9068E-03    2.9105E-03    2.9106E-03    2.8802E-03
1.9850E+01    2.9077E-03    2.9060E-03    2.9099E-03    2.9102E-03    2.8800E-03
1.9930E+01    2.9122E-03    2.9099E-03    2.9140E-03    2.9142E-03    2.8823E-03
2.0009E+01    2.9042E-03    2.9024E-03    2.9058E-03    2.9059E-03    2.8776E-03
2.0089E+01    2.9018E-03    2.8999E-03    2.9032E-03    2.9033E-03    2.8760E-03
2.0170E+01    2.9015E-03    2.8995E-03    2.9030E-03    2.9032E-03    2.8761E-03
2.0250E+01    2.9048E-03    2.9027E-03    2.9062E-03    2.9063E-03    2.8776E-03
2.0331E+01    2.9104E-03    2.9082E-03    2.9120E-03    2.9119E-03    2.8809E-03
2.0412E+01    2.9038E-03    2.9017E-03    2.9052E-03    2.9052E-03    2.8772E-03
2.0494E+01    2.9034E-03    2.9013E-03    2.9048E-03    2.9048E-03    2.8769E-03
2.0576E+01    2.9078E-03    2.9056E-03    2.9092E-03    2.9092E-03    2.8793E-03
2.0658E+01    2.9149E-03    2.9126E-03    2.9166E-03    2.9165E-03    2.8828E-03
2.0741E+01    2.9064E-03    2.9042E-03    2.9078E-03    2.9078E-03    2.8784E-03
2.0824E+01    2.9046E-03    2.9025E-03    2.9060E-03    2.9060E-03    2.8776E-03
2.0907E+01    2.9034E-03    2.9013E-03    2.9048E-03    2.9048E-03    2.8770E-03
2.0991E+01    2.9069E-03    2.9048E-03    2.9084E-03    2.9083E-03    2.8788E-03
2.1075E+01    2.9077E-03    2.9055E-03    2.9092E-03    2.9092E-03    2.8791E-03
2.1159E+01    2.9204E-03    2.9177E-03    2.9228E-03    2.9227E-03    2.8861E-03
2.1244E+01    2.9089E-03    2.9066E-03    2.9103E-03    2.9103E-03    2.8797E-03
2.1328E+01    2.9081E-03    2.9058E-03    2.9095E-03    2.9095E-03    2.8793E-03
2.1414E+01    2.9074E-03    2.9051E-03    2.9088E-03    2.9088E-03    2.8790E-03
2.1499E+01    2.9033E-03    2.9012E-03    2.9047E-03    2.9047E-03    2.8768E-03
2.1585E+01    2.9061E-03    2.9039E-03    2.9076E-03    2.9076E-03    2.8783E-03
2.1672E+01    2.9089E-03    2.9066E-03    2.9104E-03    2.9103E-03    2.8799E-03
2.1758E+01    2.9090E-03    2.9067E-03    2.9104E-03    2.9104E-03    2.8798E-03
2.1845E+01    2.9198E-03    2.9172E-03    2.9218E-03    2.9217E-03    2.8855E-03
2.1933E+01    2.9105E-03    2.9081E-03    2.9120E-03    2.9119E-03    2.8806E-03
2.2020E+01    2.9070E-03    2.9048E-03    2.9084E-03    2.9084E-03    2.8789E-03
2.2108E+01    2.9113E-03    2.9090E-03    2.9133E-03    2.9132E-03    2.8812E-03
2.2197E+01    2.9051E-03    2.9029E-03    2.9065E-03    2.9065E-03    2.8778E-03
2.2286E+01    2.9045E-03    2.9024E-03    2.9059E-03    2.9059E-03    2.8776E-03
2.2375E+01    2.9100E-03    2.9077E-03    2.9115E-03    2.9114E-03    2.8805E-03
2.2464E+01    2.9065E-03    2.9043E-03    2.9079E-03    2.9079E-03    2.8787E-03
2.2554E+01    2.9121E-03    2.9097E-03    2.9137E-03    2.9136E-03    2.8815E-03
2.2644E+01    2.9181E-03    2.9154E-03    2.9198E-03    2.9197E-03    2.8844E-03
2.2735E+01    2.9069E-03    2.9047E-03    2.9084E-03    2.9083E-03    2.8791E-03
2.2826E+01    2.9060E-03    2.9038E-03    2.9074E-03    2.9074E-03    2.8785E-03
2.2917E+01    2.9110E-03    2.9086E-03    2.9125E-03    2.9125E-03    2.8811E-03
2.3009E+01    2.9074E-03    2.9052E-03    2.9089E-03    2.9089E-03    2.8793E-03
2.3101E+01    2.9062E-03    2.9040E-03    2.9076E-03    2.9076E-03    2.8790E-03
2.3193E+01    2.9143E-03    2.9118E-03    2.9159E-03    2.9159E-03    2.8834E-03
2.3286E+01    2.9073E-03    2.9050E-03    2.9087E-03    2.9087E-03    2.8799E-03
2.3379E+01    2.9064E-03    2.9042E-03    2.9078E-03    2.9078E-03    2.8796E-03
2.3472E+01    2.9140E-03    2.9115E-03    2.9156E-03    2.9157E-03    2.8845E-03
2.3566E+01    2.9099E-03    2.9075E-03    2.9114E-03    2.9113E-03    2.8824E-03
2.3660E+01    2.9137E-03    2.9112E-03    2.9153E-03    2.9154E-03    2.8856E-03
2.3755E+01    2.9139E-03    2.9114E-03    2.9161E-03    2.9167E-03    2.8881E-03
2.3850E+01    2.9238E-03    2.9209E-03    2.9257E-03    2.9256E-03    2.8892E-03
2.3945E+01    2.9165E-03    2.9139E-03    2.9183E-03    2.9184E-03    2.8892E-03
2.4041E+01    2.9098E-03    2.9075E-03    2.9115E-03    2.9119E-03    2.8893E-03
2.4137E+01    2.9075E-03    2.9053E-03    2.9098E-03    2.9106E-03    2.8918E-03
2.4234E+01    2.9056E-03    2.9034E-03    2.9077E-03    2.9089E-03    2.8934E-03
2.4331E+01    2.9047E-03    2.9025E-03    2.9071E-03    2.9089E-03    2.8945E-03
2.4428E+01    2.9046E-03    2.9025E-03    2.9102E-03    2.9129E-03    2.8960E-03
2.4526E+01    2.9044E-03    2.9023E-03    2.9073E-03    2.9097E-03    2.8960E-03
2.4624E+01    2.9067E-03    2.9045E-03    2.9100E-03    2.9134E-03    2.8998E-03
2.4722E+01    2.9057E-03    2.9036E-03    2.9082E-03    2.9104E-03    2.8967E-03
2.4821E+01    2.9065E-03    2.9043E-03    2.9099E-03    2.9130E-03    2.8994E-03
2.4920E+01    2.9104E-03    2.9081E-03    2.9130E-03    2.9149E-03    2.8991E-03
2.5020E+01    2.9196E-03    2.9169E-03    2.9233E-03    2.9246E-03    2.9016E-03
2.5120E+01    2.9187E-03    2.9161E-03    2.9209E-03    2.9215E-03    2.8985E-03
2.5220E+01    2.9200E-03    2.9173E-03    2.9231E-03    2.9252E-03    2.9025E-03
2.5321E+01    2.9158E-03    2.9133E-03    2.9176E-03    2.9179E-03    2.8952E-03
2.5423E+01    2.9123E-03    2.9099E-03    2.9147E-03    2.9160E-03    2.8980E-03
2.5524E+01    2.9084E-03    2.9061E-03    2.9138E-03    2.9168E-03    2.9006E-03
2.5626E+01    2.9073E-03    2.9051E-03    2.9103E-03    2.9125E-03    2.8976E-03
2.5729E+01    2.9080E-03    2.9058E-03    2.9102E-03    2.9117E-03    2.8958E-03
2.5832E+01    2.9101E-03    2.9078E-03    2.9137E-03    2.9151E-03    2.8954E-03
2.5935E+01    2.9216E-03    2.9188E-03    2.9243E-03    2.9249E-03    2.8943E-03
2.6039E+01    2.9171E-03    2.9145E-03    2.9198E-03    2.9214E-03    2.8971E-03
2.6143E+01    2.9094E-03    2.9071E-03    2.9112E-03    2.9119E-03    2.8921E-03
2.6247E+01    2.9082E-03    2.9060E-03    2.9099E-03    2.9104E-03    2.8910E-03
2.6352E+01    2.9085E-03    2.9063E-03    2.9110E-03    2.9127E-03    2.8923E-03
2.6458E+01    2.9122E-03    2.9098E-03    2.9142E-03    2.9149E-03    2.8885E-03
2.6563E+01    2.9190E-03    2.9164E-03    2.9214E-03    2.9214E-03    2.8882E-03
2.6670E+01    2.9215E-03    2.9187E-03    2.9234E-03    2.9234E-03    2.8879E-03
2.6776E+01    2.9140E-03    2.9115E-03    2.9156E-03    2.9156E-03    2.8845E-03
2.6883E+01    2.9110E-03    2.9087E-03    2.9126E-03    2.9126E-03    2.8832E-03
2.6991E+01    2.9203E-03    2.9176E-03    2.9227E-03    2.9226E-03    2.8862E-03
2.7099E+01    2.9149E-03    2.9124E-03    2.9165E-03    2.9165E-03    2.8833E-03
2.7207E+01    2.9092E-03    2.9069E-03    2.9107E-03    2.9107E-03    2.8804E-03
2.7316E+01    2.9078E-03    2.9055E-03    2.9093E-03    2.9093E-03    2.8795E-03
2.7425E+01    2.9076E-03    2.9054E-03    2.9091E-03    2.9091E-03    2.8793E-03
2.7535E+01    2.9099E-03    2.9076E-03    2.9115E-03    2.9115E-03    2.8805E-03
2.7645E+01    2.9097E-03    2.9074E-03    2.9112E-03    2.9112E-03    2.8803E-03
2.7755E+01    2.9104E-03    2.9081E-03    2.9119E-03    2.9119E-03    2.8806E-03
2.7866E+01    2.9162E-03    2.9136E-03    2.9179E-03    2.9179E-03    2.8836E-03
2.7978E+01    2.9256E-03    2.9226E-03    2.9280E-03    2.9280E-03    2.8888E-03
2.8090E+01    2.9153E-03    2.9127E-03    2.9169E-03    2.9168E-03    2.8831E-03
2.8202E+01    2.9230E-03    2.9202E-03    2.9249E-03    2.9248E-03    2.8870E-03
2.8315E+01    2.9160E-03    2.9134E-03    2.9176E-03    2.9176E-03    2.8835E-03
2.8428E+01    2.9262E-03    2.9232E-03    2.9285E-03    2.9285E-03    2.8892E-03
2.8542E+01    2.9226E-03    2.9199E-03    2.9248E-03    2.9247E-03    2.8869E-03
2.8656E+01    2.9184E-03    2.9158E-03    2.9201E-03    2.9201E-03    2.8847E-03
2.8770E+01    2.9129E-03    2.9105E-03    2.9146E-03    2.9146E-03    2.8822E-03
2.8885E+01    2.9157E-03    2.9131E-03    2.9174E-03    2.9173E-03    2.8832E-03
2.9001E+01    2.9111E-03    2.9088E-03    2.9127E-03    2.9126E-03    2.8810E-03
2.9117E+01    2.9161E-03    2.9135E-03    2.9178E-03    2.9177E-03    2.8835E-03
2.9233E+01    2.9122E-03    2.9098E-03    2.9137E-03    2.9137E-03    2.8816E-03
2.9350E+01    2.9208E-03    2.9181E-03    2.9226E-03    2.9226E-03    2.8858E-03
2.9468E+01    2.9125E-03    2.9101E-03    2.9140E-03    2.9140E-03    2.8816E-03
2.9585E+01    2.9117E-03    2.9094E-03    2.9133E-03    2.9133E-03    2.8812E-03
2.9704E+01    2.9144E-03    2.9119E-03    2.9160E-03    2.9160E-03    2.8826E-03
2.9822E+01    2.9273E-03    2.9244E-03    2.9295E-03    2.9294E-03    2.8892E-03
2.9942E+01    2.9184E-03    2.9157E-03    2.9201E-03    2.9201E-03    2.8846E-03